M
4551.0 4551.2 4551.4 4551.5 4551.8 4552.0 4552.2 4552.6 4553.0 4553.3 4553.5 4553.6 4554.0 4554.6 4554.9 4555.4 4555.7 4556.1 4556.6 4556.8 4557.3 
R
4551.0 4551.5 4551.9 4552.1 4552.3 4552.5 4552.8 4553.1 4553.3 4553.5 4554.0 4554.3 4554.4 4554.6 4555.1 4555.7 4555.9 4555.9 4556.0 4556.7 4557.2 
D
4551.0 4551.5 4552.1 4552.7 4553.3 4553.7 4553.8 4554.4 4555.0 4555.3 4555.7 4556.0 4556.3 4556.7 4556.9 4557.4 4557.9 4558.2 4558.6 4559.0 4559.7 
Q
4551.0 4551.5 4551.6 4552.1 4552.5 4552.9 4554.0 4554.2 4554.8 4555.3 4555.8 4556.6 4557.5 4557.7 4558.3 4558.7 4559.2 4560.2 4560.5 4560.9 4561.2 
H
4551.0 4551.2 4551.5 4551.9 4552.5 4552.9 4553.2 4553.7 4554.3 4554.7 4555.1 4555.5 4556.1 4556.7 4556.8 4557.4 4557.6 4558.2 4558.6 4558.9 4559.5 
C
4551.0 4551.3 4552.0 4552.3 4552.7 4553.1 4553.9 4554.3 4555.0 4555.3 4556.1 4556.2 4556.4 4557.2 4557.4 4558.1 4558.5 4558.8 4559.2 4560.1 4560.3 
