MR
4551.0 4551.6 4552.2 4552.6 4553.3 4554.0 4554.7 4555.6 4556.3 4557.0 4557.5 4557.9 4558.2 4558.9 4559.2 4559.9 4560.4 4561.3 4561.8 4562.3 4562.8 
MD
4551.0 4551.3 4551.7 4552.0 4553.1 4554.0 4554.8 4555.2 4556.0 4556.5 4556.8 4558.0 4558.6 4559.2 4559.7 4560.9 4561.9 4563.1 4564.1 4564.7 4565.0 
MQ
4551.0 4551.8 4552.1 4552.6 4553.2 4553.8 4554.1 4554.7 4555.3 4556.1 4557.0 4557.9 4558.7 4559.6 4559.9 4560.2 4561.0 4561.4 4561.8 4562.4 4562.8 
MH
4551.0 4551.6 4552.2 4553.0 4553.5 4554.0 4554.3 4554.7 4555.6 4556.4 4557.4 4558.2 4558.9 4559.8 4560.5 4560.9 4561.8 4562.8 4563.7 4564.8 4565.7 
MC
4551.0 4551.1 4551.5 4552.0 4552.6 4553.4 4553.7 4554.5 4554.7 4555.5 4556.3 4557.2 4557.9 4558.6 4559.8 4560.1 4561.2 4561.9 4562.5 4563.6 4564.4 
RD
4551.0 4551.9 4552.8 4553.4 4554.1 4554.8 4555.6 4557.0 4558.0 4559.2 4560.4 4561.2 4561.9 4562.8 4563.7 4564.6 4565.3 4565.8 4566.8 4567.7 4568.7 
RQ
4551.0 4551.8 4552.3 4552.8 4553.7 4554.4 4555.1 4556.0 4556.4 4557.0 4557.8 4558.9 4560.3 4561.4 4561.9 4563.0 4564.0 4565.0 4565.5 4566.2 4566.6 
RH
4551.0 4552.2 4552.5 4552.9 4554.1 4554.6 4555.5 4556.3 4557.5 4558.4 4559.8 4561.4 4562.3 4563.4 4564.7 4565.2 4565.9 4567.1 4568.4 4569.1 4569.5 
RC
4551.0 4551.9 4553.3 4554.6 4555.2 4555.8 4556.4 4557.0 4557.7 4558.4 4559.3 4559.8 4561.0 4561.7 4562.8 4563.7 4564.4 4565.2 4565.5 4566.0 4567.0 
DQ
4551.0 4552.1 4552.9 4553.6 4554.4 4555.4 4556.1 4557.2 4559.0 4559.8 4561.5 4562.3 4563.0 4563.9 4564.6 4565.5 4566.2 4567.6 4568.4 4570.1 4571.1 
DH
4551.0 4552.0 4553.0 4553.5 4554.6 4555.5 4556.1 4557.3 4558.3 4558.8 4559.7 4560.6 4562.0 4563.1 4563.7 4564.9 4566.3 4566.8 4567.4 4569.2 4570.4 
DC
4551.0 4552.1 4553.1 4554.1 4555.1 4556.3 4557.3 4558.1 4559.0 4560.2 4561.1 4562.2 4563.2 4564.2 4565.1 4565.8 4566.9 4567.4 4568.4 4569.6 4570.5 
QH
4551.0 4552.0 4552.8 4553.7 4554.3 4555.0 4555.4 4556.5 4557.2 4557.7 4558.9 4559.8 4560.9 4561.9 4563.0 4564.4 4565.2 4566.4 4567.3 4567.9 4568.8 
QC
4551.0 4551.9 4552.4 4553.6 4554.9 4555.5 4556.4 4557.0 4557.8 4559.0 4560.6 4561.7 4562.8 4563.2 4564.3 4565.2 4566.2 4567.0 4568.1 4568.7 4569.0 
HC
4551.0 4551.6 4553.0 4553.9 4554.5 4555.1 4556.1 4556.9 4557.9 4559.3 4560.1 4561.3 4562.3 4562.7 4563.2 4564.0 4565.1 4565.8 4567.1 4568.4 4569.6 
