MRD
4551.0 4552.1 4553.4 4554.2 4555.0 4555.8 4556.9 4557.8 4559.5 4560.5 4561.9 4563.0 4563.7 4565.3 4566.5 4567.8 4569.1 4570.2 4571.5 4572.5 4573.5 
MRQ
4551.0 4552.5 4553.7 4554.5 4555.7 4557.3 4558.5 4559.6 4560.4 4561.4 4562.5 4564.0 4565.7 4567.3 4568.4 4569.1 4569.8 4571.1 4572.8 4574.8 4575.5 
MRH
4551.0 4552.2 4553.2 4554.4 4555.7 4556.7 4558.1 4558.7 4559.8 4560.8 4562.3 4563.6 4564.7 4565.1 4566.3 4567.1 4567.8 4568.3 4569.6 4571.4 4573.0 
MRC
4551.0 4552.0 4553.2 4554.5 4555.5 4556.9 4558.1 4559.3 4560.4 4561.2 4562.1 4563.7 4564.3 4565.0 4566.5 4567.8 4568.7 4570.0 4571.2 4572.7 4573.8 
MDQ
4551.0 4552.1 4553.5 4554.8 4556.2 4557.3 4559.2 4560.7 4561.9 4562.9 4563.9 4565.3 4566.7 4568.2 4568.7 4569.9 4570.8 4572.3 4573.5 4574.3 4575.4 
MDH
4551.0 4552.0 4553.9 4555.3 4556.8 4558.5 4560.1 4561.6 4562.6 4563.8 4564.7 4565.8 4567.2 4567.9 4569.1 4570.3 4571.3 4572.6 4573.8 4575.1 4576.3 
MDC
4551.0 4551.7 4553.0 4554.5 4556.5 4557.4 4558.9 4560.2 4561.0 4562.1 4563.2 4564.5 4565.4 4566.5 4567.0 4568.3 4569.5 4570.6 4572.1 4572.8 4573.9 
MQH
4551.0 4552.3 4553.5 4554.7 4555.6 4556.8 4558.1 4559.6 4560.8 4561.8 4562.3 4563.7 4565.1 4566.9 4568.2 4569.0 4569.8 4571.8 4572.7 4574.3 4575.0 
MQC
4551.0 4551.6 4552.7 4554.3 4555.5 4556.3 4557.2 4558.7 4560.7 4562.2 4563.9 4564.8 4566.2 4567.6 4569.4 4571.1 4572.7 4573.5 4574.2 4575.3 4576.5 
MHC
4551.0 4552.1 4553.6 4554.6 4555.6 4557.1 4558.1 4560.0 4562.0 4562.9 4563.9 4565.7 4567.2 4569.3 4571.3 4572.6 4574.0 4575.1 4576.3 4578.5 4579.0 
RDQ
4551.0 4552.5 4554.0 4555.0 4556.2 4557.8 4559.0 4559.8 4561.0 4563.1 4564.6 4566.5 4567.7 4568.7 4570.2 4570.9 4572.0 4572.8 4574.3 4575.7 4576.7 
RDH
4551.0 4551.9 4553.3 4555.1 4556.5 4557.6 4559.3 4560.2 4562.1 4563.1 4564.7 4566.3 4567.8 4569.0 4570.5 4572.4 4573.3 4575.0 4576.5 4577.9 4579.3 
RDC
4551.0 4552.1 4553.4 4554.7 4555.8 4557.0 4557.9 4559.2 4560.2 4561.4 4562.9 4564.3 4565.6 4567.1 4568.0 4569.0 4571.4 4572.6 4574.3 4575.3 4576.7 
RQH
4551.0 4551.8 4553.7 4555.1 4556.9 4557.6 4559.1 4561.4 4562.4 4564.5 4566.0 4567.5 4569.0 4570.7 4571.9 4573.9 4574.5 4576.2 4578.1 4579.4 4580.9 
RQC
4551.0 4552.0 4553.1 4555.0 4556.9 4557.8 4559.1 4561.0 4562.3 4563.8 4565.1 4566.5 4567.8 4569.6 4570.7 4571.8 4573.1 4574.4 4575.6 4576.9 4577.9 
RHC
4551.0 4552.2 4552.9 4553.8 4555.0 4556.3 4557.8 4559.1 4560.5 4561.9 4562.8 4564.2 4565.5 4566.7 4568.5 4569.6 4571.0 4571.9 4573.4 4575.4 4577.1 
DQH
4551.0 4552.3 4553.9 4554.9 4556.0 4557.9 4559.1 4560.2 4562.3 4563.4 4564.9 4566.0 4567.2 4569.2 4570.9 4572.7 4574.0 4575.6 4577.7 4579.2 4580.6 
DQC
4551.0 4552.3 4553.4 4554.0 4555.9 4557.5 4559.2 4560.8 4562.1 4563.4 4564.8 4566.2 4568.6 4569.4 4570.9 4572.9 4574.2 4575.6 4576.7 4578.2 4580.0 
DHC
4551.0 4552.0 4553.1 4554.3 4555.4 4557.5 4559.2 4561.4 4563.1 4565.3 4566.9 4568.1 4570.0 4571.6 4573.0 4574.2 4576.5 4578.1 4579.8 4581.3 4582.0 
QHC
4551.0 4552.4 4553.9 4555.8 4557.3 4558.5 4560.9 4562.2 4563.7 4565.9 4567.5 4568.8 4570.6 4572.7 4574.4 4576.1 4577.2 4579.1 4580.5 4582.1 4583.8 
