>tree_shrew
17041 1815 -23654 16898 $
6151 6151 $
-24575 -835 $
-365 7881 -14908 -412 -20916 $
11064 177 177 16025 $
25640 -20890 -22193 $
3261 -5420 $
-7294 -20611 $
1815 1815 $
2405 -9864 $
-7565 -3122 -6541 $
-22862 -6368 -1770 6290 $
920 -920 $
-22318 5005 -24101 $
7624 -1358 9788 -5450 48 -1635 $
7722 5459 $
4478 -442 $
14063 -3817 113 -2579 $
1071 -6958 $
12839 -71 $
-3819 -2048 2878 8441 -1489 -3000 7636 $
-24367 3838 -10499 $
8665 8665 6429 $
8768 -9103 $
2209 4300 26141 -2209 -3405 -937 6851 9823 $
602 -14588 -5892 $
-16091 26100 $
-9985 1815 $
5326 -18683 $
-18036 -24708 $
-16905 22034 $
19280 10716 $
2519 2519 -8615 $
5033 -1217 -1145 $
-1601 121 $
3368 14379 $
-23396 -23694 $
1640 10746 -12598 $
-12100 -12806 $
6570 -15219 -3507 $
-18239 2841 13115 -7257 -3574 -22142 12431 $
3634 9606 -8846 2059 $
3464 -16882 -1511 18526 $
191 -6499 $
8782 -2185 $
-2512 14400 $
2860 -2183 $
24414 -9365 $
4776 22063 -17357 -348 18982 $
-2604 -8250 $
13603 -1119 $
5741 -2353 12332 $
12967 -24587 -14319 9643 $
5878 -20352 $
859 -1358 -24476 13777 484 $
-17347 -3620 10076 $
-1106 1106 7041 1106 -1750 1750 $
-8909 -2902 -2902 $
-12738 -35 $
-16276 14001 361 -5185 -1295 $
1418 -2898 $
2703 19011 $
1530 -6598 $
-325 24639 $
-935 23504 $
4608 -7509 -1764 556 609 739 464 1419 -10963 703 -7462 -275 -9707 346 -256 -12120 3390 -7722 -3288 -3390 $
23161 -5171 15636 $
-17835 -2107 -7487 $
-386 -4995 $
14437 10504 $
3998 22584 -1477 -618 7772 $
20245 -11664 $
18610 -397 2463 $
5847 -2042 $
92 -6280 $
-103 -20672 -17538 -3322 $
10235 8934 -1307 7180 1373 -8193 -6285 $
-26058 3259 -12313 $
10909 2079 -1225 $
14400 -18673 278 18178 $
12699 -7666 4893 4893 -22236 5599 -2787 $
5489 5009 $
580 15390 $
-2001 16946 8692 $
13254 14878 -960 $
-1567 -8236 -1558 $
253 -2051 $
1561 -1561 7905 -23082 -25473 -5199 -6539 2797 -7893 7529 $
934 2273 -9572 13916 1808 18486 16829 -21490 $
674 -67_repeat $
-13824 -5860 3142 -396 $
-1788 22524 $
-16670 -1141 $
4213 -1225 $
7479 -980 2903 -3390 1028 -61 5403 -4308 $
-90 10778 -448 $
3404 -6001 6857 $
-17483 -4532 $
3471 8337 $
-149 -760 760 -149 $
-10353 4434 $
2070 -689 -7373 -357 $
-2039 -1704 $
6957 2752 $
-3336 9324 $
-23552 -3575 $
-11622 11 -2400 -969 -4427 -3495 8255 $
416 -111 $
-5029 7676 24467 -4771 $
-1536 -689 -2068 $
-4654 -4654 $
-1387 16546 474 -6210 -360 -360 -405 -17692 2344 -1710 $
8171 -1567 $
10381 16431 $
3496 -15368 $
-11690 273 -24557 -12680 $
4164 23625 $
2819 -22462 -17562 21435 -2153 $
-1618 -3218 9368 -1870 $
-4520 -4554 $
-6783 3038 -256 -703 $
6077 -476 $
7612 -1385 $
-12270 -5421 -10198 $
-26030 9252 -9627 11233 -8 -17556 7742 -928 $
7126 -2397 -2560 $
25158 19992 $
-1167 16 -2188 $
3010 7128 $
-8914 8601 -6422 $
212 1017 13645 -21364 31 20062 -31 763 $
1137 7512 $
-4722 4544 $
5265 12008 $
15910 25537 $
651 -22 $
-7795 1305 22812 $
-1558 -7401 $
-13277 -4808 -15451 $
6167 -4600 -177 -13900 177 21523 $
1165 -14456 -2047 $
3371 -12643 $
1026 377 -5326 $
-1403 -10464 -23366 -1791 16732 -3215 $
-3505 -6881 -2597 $
-2062 -2062 -2062 -2062 -1147 -2062 -1147 $
7740 -10340 -22957 18763 -2122 $
1626 -328 $
1055 -12935 $
2919 666 -5881 -640 -1448 1871 -2997 20762 -3645 -7767 $
1656 413 2049 $
-24252 2808 $
1469 -14449 2000 -1993 $
12276 12695 $
8266 4751 -1251 17057 $
-2260 -2260 -2260 1543 $
-4359 -22814 2797 -20261 -2922 7600 9416 -3156 3938 -11223 359 $
-24206 -5915 15694 3423 -2595 $
-9586 13206 -3889 -1887 12064 -1113 -2691 -1994 947 $
10316 -4374 -9929 $
-6364 1591 -2794 -18764 -2794 -2794 52 -971 $
5642 -21347 $
8833 11423 $
4285 5396 1155 -3498 -19044 $
-19378 19903 -8271 $
10744 2130 $
-4274 -14414 -574 -550 12762 $
-2660 1370 10609 -871 $
10917 775 -5532 11549 $
-6321 -8225 -5266 $
4270 -6410 -9672 19609 -12992 187 -570 -2812 $
3517 1561 3517 $
25761 -4182 4749 -13005 -6772 -21562 4481 -3534 -11354 25633 $
-6657 16028 $
12184 -4090 14643 211 84 $
10781 20970 -255 $
20502 19825 $
2725 664 -20621 $
-15208 -12182 14010 $
-7355 -3190 $
-23285 17539 $
21980 21804 $
1683 -2399 2241 $
-24420 -943 2705 $
-14727 1500 575 $
3121 -95 $
-7990 1036 $
3940 -1404 -4935 -4792 6193 -5499 -2746 $
20403 -385 $
-8241 482 $
-12422 -1957 $
12666 -2519 -2118 $
738 6064 10242 -17765 -2686 -3896 -8715 $
7474 -7308 $
2682 -6474 -4063 10802 -2649 4802 4785 -6892 $
-12714 1225 $
172 172 -8730 -18653 $
17359 1704 $
8838 -3448 $
-4482 -3746 $
8515 -12372 $
-22787 3010 $
25787 2250 $
1932 13663 1542 12078 $
2100 19115 $
7923 -328 $
-6513 9500 -182 20309 -6107 13677 -3174 $
3810 467 $
1252 -12523 1870 -2461 $
4730 -6772 $
2839 -4258 $
9141 -4684 5157 $
-3734 22362 $
22534 1379 $
-10061 672 -5982 180 $
341 -12649 5849 -233 24595 $
11658 387 -2241 20400 $
13514 -8152 3113 $
18270 -3124 $
10298 9564 -14022 $
7676 42 17954 2711 7606 4467 -1122 $
8957 503 19885 503 $
7019 2735 -12856 326 -87 -594 -1596 $
2028 -25268 -11224 -17360 -9984 $
-4236 10928 3431 -10282 -3473 -2096 13024 64 -10813 1176 -23917 $
16394 174 $
5395 -3802 $
7892 5557 $
-1106 22113 $
13414 -4679 $
17785 20991 19187 $
2310 -4348 -901 9208 $
-7559 11356 $
-774 -7380 23497 $
-19755 -3124 $
4 -15093 -7303 246 5283 4830 2789 3581 -917 10802 -430 -1287 -3792 -2505 -4518 $
366 -8803 $
-2360 -1493 1367 $
2702 -22771 -4276 $
26046 -17468 -23614 18839 -1442 22567 11670 9223 14889 $
11569 -5111 $
-5499 -3709 -13995 -17892 $
2910 5359 $
576 -2438 $
2259 -15279 -25709 10684 -3688 $
11553 -23280 3440 $
5158 -1469 $
5258 -1837 -920 $
4322 -482 $
-598 738 $
17944 -13576 -15745 $
3457 4783 $
918 -2828 $
-2226 -1_repeat $
-1_repeat -16012 $
1623 -4514 $
-20030 4867 $
544 13558 $
669 -3917 $
-8201 8201 $
14999 -16507 -3279 -5682 3511 -16512 $
11339 -5982 $
-4364 -9386 2151 -25700 808 -2167 -16731 $
839 -19707 -1113 $
9881 878 $
977 -536 19970 -288 -24103 $
1892 15959 $
977 4333 $
-16564 10321 -10948 -8855 -17975 $
-1668 13356 $
-2568 7177 3097 -10337 504 -4250 $
3463 1_repeat $
2270 -23573 $
-4899 -8995 $
-3912 1307 $
1296 -2624 $
681 2426 -3990 $
1159 1348 -13551 $
-3252 3252 3252 $
-5031 -5031 9815 884 $
288 749 -20876 6371 -17039 -5915 -7302 7533 $
628 876 $
-5674 -369 $
-975 190 $
-2470 -2470 -2470 $
7499 -2824 3489 $
-951 -18418 2965 18257 15924 19346 $
-1716 8264 25041 698 $
-2053 -2053 -2053 -2053 -2053 -2053 -2053 -2053 -1414 11351 $
-190 13644 -12102 $
169 5009 -5009 6716 -13052 17241 $
-5265 11070 -424 $
-9165 1327 -768 -768 $
4725 -5783 -2778 676 1225 -663 -2352 1474 -2947 13329 $
7121 -4325 $
11501 -3962 $
4773 -25351 7835 5125 5125 -8453 -2616 90 $
5768 -17553 8082 $
-8988 -8229 -871 -8229 -8229 $
-14062 18283 $
17248 10486 $
3920 3920 11689 -5171 $
1280 -3667 -8848 $
9727 -10205 12705 $
4964 -1483 $
-14366 9070 $
3309 -11275 $
-732 -6571 -1227 $
3627 5788 -15020 $
17093 222 1181 -15301 9210 $
803 10302 $
13683 -21646 $
22435 908 908 $
-2420 -11245 -19248 $
-10812 -24903 3991 1022 -356 -2739 -11286 $
-19228 -23277 $
7021 7269 $
1562 -9817 $
6715 7569 1063 3574 -5615 1071 3853 $
774 -637 $
-394 -394 394 $
3875 -6347 $
4375 -217 2400 $
637 -8377 $
-14085 -3076 $
12630 115 $
25199 -8196 18401 7378 $
-3857 10690 5171 $
-4010 -6779 $
-3970 17963 -617 $
3210 1398 $
-20923 -1409 -7879 $
-1815 -11191 2053 -19995 $
1131 -7662 2146 $
14 -3881 -23924 $
-19675 -437 -2674 -12054 5152 $
-368 -6156 435 $
17590 -5091 $
1920 92 -1403 428 $
-4112 12827 $
-12937 196 $
-90 1215 $
14369 19622 $
-1640 -25957 $
25874 -87_repeat $
5398 5458 -16805 10952 12948 -1837 -8745 $
-676 4090 -16692 $
10046 1617 -2974 3519 $
5268 3620 $
18413 -829 $
2809 291 -1791 $
15903 -2903 $
5681 -334 -7389 $
-19330 2816 5221 1808 -14760 -21300 4546 2311 6373 2522 $
16962 3821 3136 2724 $
-17265 3209 14979 -31 -31 $
7956 -9227 $
7962 -2772 $
1730 15387 1933 -1042 -4504 2839 $
1310 25611 -719 $
-3726 -577 $
18102 -7019 5265 -10377 8134 -13535 5892 $
-13940 796 224 $
-6783 3038 $
5167 -1449 -5384 $
-6796 4129 -6667 -2473 $
1099 1099 -15644 $
-12632 -4280 5692 9041 -10068 -2405 6021 413 2725 -6164 3574 -6334 3957 $
-2847 23688 7248 -5656 $
-2186 -5829 $
-7138 4762 $
-4470 -4283 $
23385 -429 13159 13009 $
5634 -2623 -10076 $
-3817 -12625 -12625 1275 -16892 -1308 $
1137 -13925 $
23317 971 4359 -1236 -1236 $
-24487 -22344 $
-20286 -3587 -3587 -3587 20240 $
18320 5149 $
5019 11935 -8183 19154 $
71 -71 71 $
4133 -4010 $
-18231 144 -10982 24472 12223 $
-23084 14045 $
-15394 -21176 $
3594 18308 8536 $
-2966 1406 -2872 $
12432 -5289 3063 6619 -19665 $
2352 24562 2352 2352 2352 -1541 -6066 701 -10043 $
-12968 19780 -3544 $
-3075 -26185 -6722 $
14174 -457 $
676 -1837 $
13728 -3583 $
-15190 -11528 $
6903 6903 $
14339 -9319 $
-12038 -3656 16399 -14874 -4773 -4773 9005 26026 -2348 -13926 7761 -1562 -4719 $
-14113 14236 $
10943 -1019 -8881 18482 14281 91 $
5955 2107 5774 $
9559 8158 $
-508 -3072 -903 -22230 $
-14694 2656 $
826 826 $
14256 -1763 $
377 -2273 $
2844 -6340 7031 14462 3817 $
-5603 -539 -25575 -4254 25623 -1042 -19596 -1042 -414 $
2041 -13638 -17221 435 8049 -8713 3002 -1086 5322 -8666 $
-1843 -1042 22978 $
-1061 -10684 -3341 $
-1381 4408 -656 $
-8793 19098 1775 -1213 -37 $
-3876 1464 $
11742 -20743 $
-1147 -2062 -2062 -3542 $
-12208 9274 -1386 $
13068 -462 $
209 -3696 6600 $
21350 22897 5164 $
-1640 -22062 -15200 -9273 $
-6786 -959 -3533 $
9217 13918 $
-3673 2675 -14655 -19001 423 $
2357 -1767 -10771 -8873 $
-1015 -5311 -2439 $
-1477 9403 9403 -8570 $
3970 -1398 $
2898 18778 $
-18847 -2233 -832 4641 -66 $
-19186 1477 -24585 $
10423 1977 $
4515 -400 $
24983 -19003 $
-6146 -869 -5358 10106 -2949 -13956 $
2364 -1390 12235 -12061 -2504 -7460 2071 $
-4717 15630 3982 $
6178 -25931 -1345 $
5722 -3127 5881 -723 723 $
5835 9283 -7182 $
924 -2519 2928 $
-6047 -13075 $
573 8008 $
1605 1605 1605 -8475 $
90 -22447 3201 $
-1782 -15250 7004 $
-23722 13609 $
-19573 7841 -9986 $
358 -774 -7380 $
-1937 -3938 $
-13912 -5226 -21961 -8115 -24987 1855 -4825 -1681 -10757 8663 -5646 -14405 $
4071 7124 $
1728 19867 $
-2400 -496 $
57 -2175 3382 5916 -5604 $
5530 -3623 -751 $
-10914 -2781 $
-21567 66 -17311 154 $
-9256 -13030 $
10148 -11906 $
1979 -4115 $
10977 -1400 -1361 3965 8278 $
19550 5950 $
-9261 -13849 $
-5467 5980 20369 $
-777 -3690 $
3516 1576 $
11384 -15645 $
-2260 -2260 6696 $
810 -5412 18141 $
-3419 -10847 6613 -5403 -2903 -4534 -2537 2143 -2058 -1760 $
1899 7202 $
-8212 -1394 7137 $
4320 -7441 -4339 $
8321 10869 10869 -22436 -5949 16697 5806 -4273 93 -7515 453 1394 18003 $
-616 -18798 5539 2653 2068 -1993 $
-26169 -8121 -15520 -25861 $
3215 -7706 $
-10223 11761 $
-1569 2297 -5333 316 -2724 $
8001 -11955 $
4657 6568 $
585 4050 -1193 -6418 $
-48 24916 $
414 23887 $
757 -24136 $
7855 24676 7352 -5451 -1730 $
1640 21517 $
1011 -5027 -22392 -3027 12082 14446 -14826 4184 7019 $
-1394 -15815 $
19939 -22591 -969 1620 1620 1620 -9144 2235 20788 969 $
-1100 -6942 3736 $
22450 -804 -14401 4911 -833 -988 15521 -2965 $
-25825 1640 $
3971 -5060 5140 5877 10578 -6777 2207 -2741 1562 2719 -18324 -15045 -6385 $
-4419 6772 -6483 $
-1133 15767 12466 $
3481 670 -24525 17889 -869 $
7827 7827 -523 $
-3885 -8921 -3885 $
-19492 10917 $
-16248 19837 -4059 -3839 $
-15473 -1640 $
-4587 15652 -11467 $
-15043 -423 -11858 4650 $
1759 -9416 -2052 -11205 7543 -1084 3023 5417 $
9461 3904 -5164 $
-338 24439 $
2537 -3847 $
423 12131 $
-368 10020 $
3055 1_repeat $
125 6693 $
5046 -3857 $
5951 25427 -24885 $
2928 12804 1877 $
918 4758 -4830 $
14648 -7272 9631 14841 -3446 -4160 $
6352 -23888 15893 -1527 $
-9588 -5642 $
1354 -11503 $
-6839 -7721 $
-12065 -1224 $
4205 -25217 $
-12833 2634 -2326 3838 -2413 $
1760 20014 -10580 -2162 $
7185 -24662 1453 17458 4875 574 1791 $
22275 -16645 25463 $
-5091 8925 -3054 -793 -23592 $
798 2137 $
-8128 -5801 17266 $
-2212 -7425 -9042 -2969 -14755 6977 -5979 $
12465 -23097 12465 -23581 $
11773 6391 $
3010 -2118 $
-7800 -5559 -247 $
8970 7357 $
1052 -20702 $
578 -235 2303 -9985 9298 -12068 $
-2188 1673 $
3218 10766 -647 $
3594 4861 $
3224 7718 $
3862 -12075 18108 $
3370 4654 2396 2180 $
2922 -639 2575 12490 $
2402 1640 $
1322 5450 -12250 6155 15388 19279 $
-19274 -12927 $
-4164 -136 1359 $
8496 11971 $
-255 -10589 -3226 -2384 $
-6799 -1117 -12544 $
1547 -14605 $
3843 -19188 $
16368 -3767 $
2521 25876 1298 -24940 -1970 15603 $
-3508 -84 8006 8006 $
-13429 245 -3860 -17150 12012 12012 -19064 -3771 4888 3561 $
2706 5717 15270 -21555 $
3187 -10226 -4714 -4714 $
-3279 -12387 $
-373 -15253 -2275 -25547 $
14839 -3794 -2550 $
-6920 2789 $
1209 -3686 $
-2634 5859 4767 $
-16234 17900 $
1042 -10817 $
-9521 16771 -3276 -15612 15471 $
-25194 -4425 $
-800 -3273 -11314 -21653 520 -1157 $
11433 11860 -201 $
-19412 4086 $
1188 -1039 $
-11735 2058 -10687 $
-4198 -11788 -4804 $
-16535 157 $
-160 -16899 $
-25805 9473 $
16201 -125 $
6327 17671 -450 $
1310 -23911 6515 2468 $
13664 9126 -9258 -2380 16022 -4524 19084 -19384 $
10609 -871 $
-7287 -1417 372 -8209 -13151 $
23302 47 $
26036 -1662 16563 -2211 8783 $
13121 -3073 $
-354 9629 21827 $
3676 -17998 -5004 -2613 $
8285 -2912 3416 1075 $
-22207 14360 $
4371 -10279 16948 4815 -698 $
-715 26094 $
10026 -15869 6121 -6155 $
-7905 3127 $
-4704 -23862 $
5937 5937 $
-18063 16169 $
7290 -1608 $
781 8602 -42 -515 10271 -17414 376 $
17997 4941 $
-9773 -7909 -1057 -20010 $
4114 -2112 $
-18169 -16235 $
10716 8991 $
-15797 87_repeat $
4799 -1890 $
9564 -3817 -298 -113 17861 $
2774 24232 $
2079 3860 $
21315 17474 4462 22780 7332 22196 20604 6332 10255 4077 13433 4077 4077 $
9098 -21329 -5985 $
-1221 7950 $
24725 -90 $
1524 1374 $
-9816 -9816 9518 -5953 $
-25847 1189 $
-582 2975 -16427 $
17328 -2402 $
1873 4236 -1651 4604 4918 4377 -4377 $
-2017 -2366 $
-150 4730 -24025 -7362 -9530 $
-11387 18116 $
-3230 -23894 $
22881 -8382 $
10371 25899 -1972 $
14854 -12456 -256 -298 -546 -3970 1476 8723 3121 5632 $
-8721 16207 430 -5513 11739 -11392 -3156 $
7290 -3983 $
-9248 -6033 -870 22463 $
-12854 16327 1144 $
4986 1765 116 $
16236 434 2674 -2615 525 6310 19262 841 -20949 -2444 2405 -7439 $
13091 -9645 19670 $
-14572 -2001 10055 -2532 $
15296 4416 $
3263 13822 $
20559 7408 2753 $
-5526 -9086 $
6597 -18663 3040 -4345 2540 3678 $
-6448 -5642 $
3632 1369 $
467 -7471 -3219 $
9442 -13906 4640 -8209 $
-317 -4342 2280 $
-9289 -6166 $
2053 -6122 -2773 -8483 25398 -1498 2357 -523 -6406 6009 -5949 2439 $
394 -394 $
12512 6720 12520 -4837 10539 $
-4215 -4809 3319 $
-8900 2674 -2615 $
113 -9839 $
1727 2435 -4220 -17533 $
-462 462 706 20710 $
10800 -3011 $
-595 5932 -8482 16417 -20131 $
-121 -22228 $
-7815 4277 -3029 9367 2146 15881 $
2216 9587 $
-18844 -844 $
-1885 -47 -4202 1252 3196 $
3348 -249 $
881 942 $
17113 10544 $
211 -4500 -2055 7849 $
12534 -12071 $
2196 -1569 -24502 23333 -7028 $
-2017 -2017 8318 -3833 $
3421 -1569 $
7199 8488 $
605 -9303 5092 11678 -8789 $
15595 196 $
-4007 6734 $
16192 18646 $
5162 1147 $
6775 -22164 -660 $
-1510 -12386 -5788 $
3096 -4602 $
6590 -4597 11014 -341 $
5604 -19382 10797 -554 $
-8592 -435 -4731 -1340 -12 4734 1508 -6151 $
-731 -322 $
-4561 7455 -1319 $
-7055 -1463 $
10225 -4109 $
-2131 -5928 $
-13941 -735 14042 $
3786 -1224 -1474 -15824 3618 13307 -6232 $
2637 -13716 -2247 $
16719 15772 -7970 16239 -475 $
866 24102 -5439 $
-1431 7557 -2188 88 $
5878 -5694 $
7372 -12196 610 $
-7003 -8169 2457 $
2377 -21787 $
1327 -17516 $
1227 -2898 -19210 -18945 $
6813 12670 $
-7519 -6271 $
-9831 10065 24511 $
6560 -23166 $
19893 -1225 $
693 -4846 $
-1647 3817 4517 -686 $
9696 -20081 6392 -9232 -1008 $
-5772 -4159 -591 $
-5714 1_repeat $
18862 4075 $
2405 -13347 259 -18973 2690 $
-20165 -20045 $
-24542 4783 $
5786 6899 -11 -2635 -1457 -2183 $
5182 -2176 $
5032 3263 $
1887 -10589 -15141 $
-22760 11391 -185 -2008 -24954 -325 $
6020 2215 $
19252 -5702 4544 $
498 503 4390 -323 $
-7419 4419 2577 $
3088 4339 6965 -5461 2088 $
11639 -8484 $
-524 11003 15130 -960 -960 -960 -11549 10184 -1267 5776 -3859 12414 -2751 3983 $
14380 -8138 $
1155 3303 $
14035 13227 18830 $
4965 -3013 $
-18897 22449 $
-2405 -413 -10336 $
-1302 -513 13412 $
-9529 -3040 $
23703 -13115 23483 $
15273 -11745 -1661 $
9434 -6393 $
-6698 -24244 $
1227 1227 20178 -1667 -957 6694 $
9964 -4941 -979 $
-6797 -21351 -23368 1675 $
192 -298 1854 -10508 -113 $
-3072 -20031 $
11694 -156 $
560 3964 $
-18204 -1388 $
-640 12681 $
-2604 13571 -2188 2453 $
18891 177 -177 $
22189 -970 $
-4825 1855 -2079 -4399 4399 $
2637 -12104 $
-22867 -3086 $
-1224 1224 6921 -15131 5692 -5446 -2681 $
12328 -14618 $
-891 9537 -876 -876 10079 $
-16134 -847 -372 $
9012 9012 $
-554 10512 $
-2909 2909 $
-2817 13318 12989 996 -7190 -19697 -156 12276 $
23353 4090 $
-7911 14153 24642 $
-1782 -1560 1166 -6120 -358 $
-22088 -15748 $
4514 -3645 9415 -12850 $
-5759 -20807 $
2219 15364 1760 -21786 -14094 -1561 $
22757 -2637 $
2938 -2201 1267 $
5707 -19919 -20293 $
-107 -5820 $
-9995 24039 -2297 -2987 8229 3077 -7860 6793 -4146 365 -5802 $
-5983 301 14901 $
-4242 14847 $
-9804 -13992 22231 $
-8235 -23225 $
-11993 830 8728 2557 -3462 -591 $
-6017 3536 2600 $
-11069 -5656 $
10207 -11610 -10391 3148 -6506 7577 -9159 -9707 $
5291 -1192 -8559 $
-11253 15687 $
8125 5844 -7657 $
5068 19189 $
-474 9726 $
-22259 -1193 -3607 -1287 $
1402 2541 1189 $
-527 15763 -2297 $
-15 -5088 -17086 6203 -520 12426 -13311 $
26215 13979 $
-8002 -12816 $
2728 -553 $
-11688 -21588 -7953 $
-8628 -22532 7395 -703 9250 -2527 $
7800 9959 -4741 $
1097 3918 -1852 739 -5724 268 3786 16955 13909 $
-10894 4759 -1880 $
-8955 -11514 $
3823 -14994 -17052 $
16939 -414 $
-712 164 -4746 8447 -26158 $
-1682 -583 -627 $
-52 -1618 -1618 -2891 291 -6064 $
1060 -4120 $
3022 24043 -1152 $
15755 4611 -2906 20625 $
4123 5032 12858 -3091 $
-20079 1033 $
2173 17899 12201 $
-8063 291 $
4967 -1211 $
23018 3429 2927 $
11155 6014 -389 $
435 -3199 18026 -3509 -21250 -2759 -6756 -15610 -25304 -9047 -178 -11472 434 -1099 -1376 $
-2176 -7166 $
5539 -18511 11129 $
-125 3336 $
3470 -17486 $
-9003 -5544 4323 -6067 $
-1015 -3520 $
1833 -21532 263 -4442 2145 $
-20688 21097 $
-24402 -255 4851 -4863 10605 -80 $
47 24311 $
-20242 -13294 -4098 $
1252 3455 19207 4799 3742 3742 -3075 $
5604 -377 358 -8388 10501 $
1916 2682 $
10687 368 $
9758 -4123 $
7827 -2571 $
7339 -1751 3804 $
785 -236 905 $
12315 -1042 -1896 $
10366 4270 6597 11624 $
4485 -21434 $
-2142 1834 -293 1581 6108 -3743 $
15001 -12921 $
7948 2033 $
10055 -1432 6747 $
-1009 2089 16304 16304 2332 -1762 $
-10494 -1355 -2171 $
16740 -10732 -1426 $
-2596 -8096 11720 $
6855 9494 $
-2147 -191 $
-16119 -922 $
-1011 -21278 -3301 $
1280 -7014 $
-2470 -2470 $
18492 -26055 $
23639 -12831 -22377 -5362 $
-2982 -16260 $
380 -1690 13231 -14164 1384 $
-11698 -16377 $
922 21977 $
-18174 -17506 $
5466 14480 13998 $
-14791 -47 -47 $
14783 -5619 $
2642 -22618 -5264 8555 $
1486 -4311 -513 $
-17294 -1141 7905 -20068 5295 21113 -12041 $
-1315 -23081 $
12363 -3336 -22212 6473 -8265 3885 $
16372 67_repeat $
-8995 1027 $
-130 -3742 -878 $
-676 2867 -676 3513 $
16261 3682 1728 $
1252 -10214 $
3437 -5567 $
3982 -450 -10140 -4634 -23648 14999 $
-258 -2556 7821 -9514 -7260 $
-6278 -18485 -9783 $
-3386 -25230 $
2011 -440 $
12014 21287 -172 $
-631 -16887 $
2773 -23052 $
-1693 -1693 -7751 $
-450 -24104 $
11614 191 3985 2903 $
21256 3506 $
1476 -11652 -4551 $
-741 -4261 $
294 25656 5471 $
-186 19029 5454 -1816 5294 4492 2540 -2540 $
2268 2993 -414 -2215 17223 -14710 $
3121 3609 -922 -922 $
-2188 -3305 -10318 50 -10384 -2789 -14583 18326 -570 -4885 -932 -2031 6100 23256 3677 $
1187 -24390 -1399 -8957 $
24222 18648 2461 $
103 -9742 $
-1045 -1309 $
2297 2768 -12594 $
1106 1106 $
1536 2854 2882 -12268 1896 -1468 $
3727 -2028 $
-2293 -7487 $
12360 5492 -16241 -35 $
-23053 -14227 $
-6608 3960 -412 $
-5453 1_repeat $
1_repeat -5342 -2426 15407 -16401 $
-703 -8732 -1635 $
18738 -25894 $
12405 10318 11060 -6742 $
-2910 -2910 $
7766 2733 $
1559 -1044 6022 15823 $
1668 -3866 3951 -5664 -1920 13546 774 508 $
7003 -1561 1267 -3674 -1352 21785 $
5765 5765 $
14900 -7359 -7359 $
-5367 -7577 $
918 -839 1394 -10611 1063 $
8878 344 1104 $
-25275 -13735 $
1309 -4602 $
669 -21473 $
121 121 $
10782 12079 -4728 -14213 -8589 9369 1360 -7510 -4676 2253 $
4937 -263 -4168 $
-20041 -8274 -22834 -16325 $
3286 3286 $
5151 -2570 757 156 156 $
17069 -5606 3630 $
651 -21011 -12860 10520 -18766 $
14193 -3098 -3098 -23120 19577 -631 6727 $
496 4425 -2689 $
-17873 -2702 $
11270 2724 -3112 -8715 $
5329 3857 $
6090 -1483 -14517 -6567 23209 $
-10054 -2400 $
954 21502 -9300 -22353 $
3872 11098 $
11416 -2519 -2519 -172 $
-13441 -2227 10932 4057 $
-1871 861 -1871 861 -25829 $
-1055 -5378 $
6670 10889 $
-6581 11553 $
-1531 18595 -1531 9590 $
-1640 1_repeat $
2372 -19108 $
-12499 2292 -8733 10688 -2674 $
-14364 1531 $
-5210 -4429 $
-5336 1235 1235 $
10968 -6245 711 $
17175 6852 $
14044 3982 $
10240 8645 $
14824 10821 19858 6379 $
1635 -8075 $
-4016 10880 $
1352 395 -2394 -786 $
5391 15098 3392 $
-11108 -22170 $
1500 -12575 3005 594 $
11197 3506 -14049 13179 $
14150 -2457 1640 $
8128 -5857 $
3257 5429 $
9084 16426 -612 $
-513 130 -15981 $
757 -757 $
-1386 1413 $
2175 -19734 $
462 22031 $
10961 1675 $
-26060 -3975 $
-929 3743 $
-10003 -2023 -2023 -6503 6092 -145 $
23416 1815 19877 1815 1815 11507 1815 $
17203 -1681 $
2667 1602 -10954 $
-10859 7671 $
5343 -619 16633 -1137 $
-2758 15318 $
3508 6318 $
-19441 6334 $
-17708 12756 $
8191 8512 $
23464 -24480 $
4036 3988 $
-18865 5892 $
-4642 13458 -2310 $
-22101 6472 25286 $
9116 13781 $
-4345 13376 -6399 22026 375 $
482 6106 15006 -617 $
9318 -2108 8117 $
-5290 21797 $
12204 9816 $
8153 -1583 -5010 5013 6843 $
-86 -2750 -25530 $
-7810 19851 $
9036 -2273 $
1292 702 -14954 3731 958 2118 -6130 13157 $
-4863 16482 -2104 7993 $
2464 2464 $
-644 -24294 $
4620 26187 $
12101 -9354 12355 15617 $
-9176 -5846 $
891 891 $
-462 -19932 $
3338 -6576 $
1820 -22535 -1562 16520 -331 $
24727 1488 -8625 376 $
-3823 3823 $
-6738 -4514 13821 $
13474 614 -21046 -25919 -2488 $
777 -13289 5854 -7057 -8052 -3481 -16399 $
-8671 -8374 $
-4728 -1675 $
-10141 1215 -2213 $
-187 106 -2028 $
-95 14708 1105 -18914 6071 -13066 $
-7444 14 -9667 11689 9332 -2844 -17132 -7723 $
366 -431 $
5295 20595 -7333 501 -3011 -12033 4219 -17983 $
7923 -22905 -593 $
3215 -9457 $
-9732 9459 $
5478 -8308 4645 $
12265 -9329 $
-13462 13087 18028 -7722 -11979 2176 $
-1442 3098 $
2928 -2928 1877 -3038 $
8307 23116 $
-5103 331 $
-13557 18183 $
-5472 8369 $
13901 14501 $
5139 -7110 2751 $
1395 1395 1395 $
12722 -20493 -10145 $
6292 -376 $
-13545 78 $
-3722 2518 17580 -7755 -1207 $
11801 -1_repeat $
20214 15474 $
14334 14792 $
-17291 -6610 -182 $
4359 -3495 $
20519 -2789 $
14234 5956 -2316 2014 3295 -807 23866 $
-8334 -3620 -25229 $
1141 -700 12326 -19250 1352 $
3508 -8268 $
2144 -6580 $
-10372 -1101 $
-2440 -186 -9541 -3507 13531 -5295 $
5965 -3261 $
2903 22658 $
2200 87_repeat $
87_repeat -888 $
8 1542 -1798 $
-2040 7197 $
-5753 5742 15246 $
13758 3975 10542 -7787 -4483 $
-2235 -1620 -8806 -1620 $
11762 -372 $
-12792 -5005 $
1815 1815 $
-2083 3432 $
1134 -2508 -7386 $
3176 -3649 $
3609 -10130 -5056 -23180 2405 $
-37 3743 $
11972 -20911 1441 $
7250 -12128 $
6896 -3886 $
24991 -1561 2457 $
689 -2613 $
1754 -2739 -357 -13380 $
576 14167 $
-2674 18933 $
-3010 9754 $
-21516 -12955 $
15802 -69 $
330 18604 -11822 -9674 $
9975 -4202 4202 -4202 $
5679 -1085 $
-3622 -8252 $
1098 -18577 -861 1448 -451 $
10123 -3594 -9214 5526 $
-16674 -6365 $
18346 -92 $
21458 -16602 1817 15914 $
-4377 5297 -16384 25720 16139 $
5713 -7560 -5477 -5418 468 $
4726 4489 -425 -15602 24920 -13054 2124 9712 194 1712 $
962 255 5275 -17068 17271 -3605 $
6995 19320 $
17111 129 $
-705 -705 $
1180 -1180 $
15073 -20173 $
3142 -2860 -14492 -2860 -6381 2467 -2724 $
9774 -4458 $
613 -4494 11936 -1746 -11 -6393 4053 -24248 $
-1582 3119 4855 $
-11085 -23764 -2297 -9621 $
726 -8966 -11148 $
24677 6015 $
-18818 -24257 2504 -10281 -18913 $
-310 8375 -5898 24553 321 -9614 $
-5086 -3604 $
20456 445 -2143 $
2616 835 $
3792 -23599 $
-2766 25597 1296 15879 -3431 $
-574 -16164 -12365 -3024 -3024 $
-8670 8081 $
-21734 -26057 -6215 1674 1825 1825 $
-3336 976 -249 171 -171 249 $
-4027 187 -6324 5580 $
-10593 951 10069 2634 $
6096 -2903 -7213 23926 -2679 2080 16 -8979 3899 $
-11524 1537 -186 $
6084 6084 16568 $
-9080 -4505 -2808 -12926 -16393 16072 25932 $
-26204 8859 -1023 9981 -241 1601 11967 3243 25929 -3992 $
2768 -1193 -21521 12057 -306 15118 8323 -3045 -10251 -1015 5019 6472 $
1814 6959 -6146 $
-2092 -13765 $
1498 -22 $
-66 25458 24638 -66 -2033 $
6096 25384 -5221 -20744 -578 -9225 -4055 90 2196 23746 12068 -3168 8661 -6120 -1813 $
-16463 -3224 -11338 -9390 $
-7942 192_repeat $
-2613 945 $
15467 6905 -1863 11932 $
15038 -5255 4235 6142 -19812 -16041 14320 7121 8050 9707 $
7319 1069 $
1326 22810 $
1057 -1057 $
11420 -16 -1478 $
6108 -135 $
-9840 -2276 2615 $
2424 4264 -8948 $
156 -2023 $
-11408 6419 3605 -714 5693 -2596 $
-346 2824 -1294 4151 11893 $
1363 177 $
-2684 21856 $
3527 8398 -7342 $
620 -12525 -405 $
1270 8481 -6642 $
3735 12145 $
5979 -14275 1579 -10122 $
3819 21280 $
-22865 1327 $
6036 5751 6036 $
21990 -1531 10529 -1531 $
-11717 8926 1269 -9884 -11995 -11210 -8760 -18987 -4500 -3523 $
-7477 14946 24784 $
-10665 92 $
16750 235 -4693 13076 6775 -9331 8550 -13176 7600 15579 484 1716 -1237 $
18601 -4104 $
-4467 -245 $
-1838 533 -13367 2146 $
521 -13072 -8731 6865 473 -3679 -6697 $
-17642 739 9152 -4186 14313 -11377 $
15548 -18197 $
-14475 4499 $
6966 -6966 $
9800 459 -102 $
-6520 797 -3973 $
-3473 -10799 10813 -1413 $
-7627 3030 $
4972 856 $
20721 -16793 19781 $
24034 -10440 -453 -11973 7468 4540 10296 5233 -4495 1314 -7485 4558 8892 $
-561 -25607 -561 11584 $
400 -7755 -911 $
-9550 1921 1921 21267 $
-2548 2548 $
1946 -3094 $
-18144 -20332 $
2623 -6121 $
-1562 -1524 $
7224 116 $
-5204 5231 6119 1624 $
-25584 22479 $
-22039 2324 2441 $
6062 895 $
5462 -6611 $
3780 -5095 5548 6777 6171 -9016 $
4912 -22168 2965 -822 22069 -15065 $
25916 -3022 273 $
-5520 48 7995 7995 $
3723 -5237 $
-2035 7525 -3189 23360 -17420 -969 $
-7535 -8968 $
1640 11145 $
-24358 -495 -495 -24590 $
3816 -4773 -4773 -3815 $
-4291 -9332 $
4394 10505 $
13806 3569 $
18938 -2186 $
-11635 16605 -5211 -5211 -6586 4721 -605 6002 $
466 7554 -2000 -2196 $
12841 -1760 -13918 14844 $
18998 -462 $
8004 -9828 $
-7946 1591 $
-9576 6830 $
5863 -11726 -10556 15007 -6472 $
-6029 -7883 $
19094 314 -4703 $
-6578 -12493 -6784 -8089 16294 15940 $
239 4937 $
-883 -5720 3361 2436 $
-1456 -1456 $
1875 12344 $
1560 -8678 -739 7727 -1292 -1782 $
-4960 1039 24637 -587 $
2656 11844 $
-20994 1140 1562 8871 $
5679 26220 $
1270 22980 2537 $
4152 4415 -8984 2814 -4270 $
23999 20434 $
18768 -2746 $
4375 -986 4332 -4509 130 $
-3231 869 -3663 $
-16481 -21247 10055 -6747 -15624 1052 -11069 10308 5378 -12445 638 4057 $
-1921 -2656 $
-6902 8644 -4092 $
-16388 -5327 $
1947 -69 $
8212 -8421 $
-358 1970 $
-6672 5467 1724 5248 431 $
1269 1_repeat $
4749 1216 -639 $
1645 -1484 $
13725 -2809 $
-18859 -19431 -3224 -18497 $
11972 -19623 $
3786 -4123 $
-6851 -6851 $
4756 12950 3901 $
3184 11748 15188 $
-2529 -2529 3828 1640 $
4048 -3497 $
4891 17874 $
453 11418 $
-9930 -1077 -5112 -5932 $
-169 12399 3850 8354 $
-610 2820 90 -5224 10026 12501 -996 $
-20701 -5351 -11077 $
2147 20449 1356 $
1276 6975 6112 $
-7092 -11898 -23039 -7092 -7122 -23002 $
3843 3489 -6263 -10331 $
1861 1498 20946 16963 -92 -15944 -1510 $
102 1975 -1073 12596 $
5816 11534 $
8874 -13410 $
4073 4073 790 $
3297 8514 $
4832 14220 22025 8353 11285 2455 2040 $
-7654 2310 $
1899 -3218 -3818 5043 -5043 $
-17295 18584 $
4022 -577 23918 $
1956 -1956 20157 $
130 4188 5897 6798 5894 $
5779 19468 $
2537 -545 -1615 -4052 6869 $
6125 26 $
12961 -7579 9442 $
-1635 -3535 $
-3211 -10236 $
5729 -1795 5862 $
2707 -10333 $
843 -2140 $
17508 -428 $
-4811 -5735 $
1014 4346 22639 -15177 -1648 846 $
-21265 12293 -1203 $
17084 -67_repeat $
20387 2518 40 -9271 11139 $
2596 -7410 -1043 -7180 -3507 $
8497 6606 7677 -2228 $
3691 3691 $
90 5020 1640 1470 $
11926 4687 26150 3481 $
2939 15143 12191 $
-25750 8725 -10297 -12340 -23313 -10008 -14483 18568 $
19891 1406 -6775 $
871 8279 -4782 -3302 $
10917 24019 5728 298 -18662 $
-18137 11601 -2162 $
-23027 -941 -941 941 24848 941 -3587 -3587 $
14631 -2910 $
450 -6172 13774 $
-7855 3956 $
-2159 -11325 $
-12012 -1404 -22922 $
2983 321 20315 6611 $
-21198 4927 $
-10211 961 $
24696 -20345 $
5184 5567 -19972 14174 -18825 -858 5195 316 1024 7176 -3000 $
891 -1489 $
15574 176 269 $
-8078 14294 $
-13720 4362 $
-17085 -19535 $
4769 7905 $
12891 20557 $
4223 -851 11281 -1017 $
17174 -2593 $
-9151 2153 $
-20358 -12700 $
-137 24182 -2691 $
-6198 21225 23964 $
-460 -16867 13918 -8524 -859 $
-12811 -3522 465 -5729 -6489 $
-15429 -12239 $
-6325 -24123 -4237 $
-2107 -530 $
-18560 -5008 -6704 $
-13831 3742 2507 $
7783 -22299 20680 38 $
1843 10858 16762 $
24693 12247 $
6882 -6009 -199 -15400 -24443 -19315 -3932 $
-9583 3031 $
4655 4655 $
7296 10378 $
-19508 -2596 $
20277 -16152 11665 -574 -2297 14829 9349 -271 $
368 6655 -2739 7366 $
2795 -13132 22140 -3060 -473 -9406 $
11252 -1069 $
-14264 -409 $
-248 -3265 -1743 -20472 -23852 -7741 4102 -14036 -4821 $
13642 -3643 $
1436 24594 -866 3063 -1043 $
-9057 25838 $
-12293 -9967 -10819 $
2352 -21018 $
-862 -1406 $
7841 -3511 $
87 -1723 $
4156 3200 $
-1640 9800 -22544 $
19477 977 -1039 $
410 -64 $
-24361 731 -6213 562 -1529 -1529 90 -3658 1559 6904 -3165 $
-12580 2144 -12222 $
1474 -9052 -6094 $
-858 14955 $
589 -589 $
1224 11462 11462 -1868 -2366 9165 6267 -3566 $
45 -5533 12200 15309 -9225 $
-3968 -11849 $
6478 3909 $
-7631 527 $
-140 -140 $
90 -2500 11195 -362 3589 $
-16733 1570 $
-4127 19416 $
308 8675 $
513 -9465 14886 -7198 $
7189 -2682 $
-3650 -8438 674 -9424 $
-2131 -2944 $
-17440 1404 383 -3319 $
1246 -8127 542 $
2719 16118 -20327 3970 -1562 $
5407 -6103 $
4994 17772 $
-12617 7460 $
3249 15374 13041 $
431 -1583 $
1121 1121 3980 -18223 -15737 2746 $
18941 -196 $
-20675 466 $
3709 20156 $
-4990 1267 -8712 806 18349 13790 -20310 241 -25534 17187 -21560 $
3537 -12613 $
14786 -7804 -10365 $
-7778 -15073 $
6096 -1970 $
12023 -11201 -1010 21671 $
3721 -20892 961 -8688 -20976 $
17099 -1902 3142 3970 7771 -23163 10905 -7721 16533 -2438 -3730 3730 14345 2940 $
-16747 -212 $
-8133 17656 -13023 $
-525 -1345 23891 $
-12581 -4015 -2504 $
4174 -3064 1675 23692 $
-1759 -245 -7159 $
-1128 -1003 $
-11997 18714 $
7735 3142 $
1970 9786 -19165 3905 -637 $
-18773 -13357 $
23439 -3709 $
-4212 1128 $
-8637 19316 99 64 $
-480 1571 $
-3316 -1380 -22302 12824 -8894 $
11278 -8192 $
465 -17702 973 -68 6627 -6969 702 -3091 $
-452 -1647 -1909 -3183 $
10404 -2663 -16918 6644 $
-2103 99 $
-19753 -2470 $
22653 -13084 $
2545 -830 2616 $
11804 -2461 $
5840 1476 -919 8312 8124 $
-19056 3285 $
2348 -20159 2348 -7434 -13334 $
2397 -766 14524 232 3726 -14177 -1938 -5630 2217 $
2818 16214 $
-19732 12072 $
-9647 -21190 $
7385 -21766 $
-179 2105 -6472 $
-649 26212 440 $
-2105 9933 $
-19715 1270 -9713 473 -4908 5492 $
-10594 858 -457 $
19146 -23184 25 $
-5528 3722 $
-16146 2487 16643 $
4015 -12756 9028 $
-11285 2971 -416 -2926 $
2812 13681 $
-19153 -3620 1217 19212 6701 1508 4728 $
-2161 969 $
-10758 18328 982 -4367 $
8389 -8792 22559 $
2263 -21313 $
-8045 -8045 $
15509 -4629 $
10972 -192_repeat $
-10580 1991 $
1673 -1647 $
11775 13316 -16503 -4345 $
-14074 -1742 $
1640 -952 $
798 2137 15302 $
5008 163 -18037 $
3535 -2775 $
-47 -47 $
7000 -5429 5169 -5056 -19491 -11837 -51 $
-23657 1562 1562 -7581 $
454 -577 4104 $
-4996 15159 $
-21983 12414 -14866 15655 -7443 -23331 $
4191 316 3417 15032 1630 -7794 -1630 4541 19549 -7715 -1975 -15201 2612 -6782 $
-6819 495 23927 -513 -26003 $
8724 -11854 $
-1394 -12240 22060 -3992 -3940 12810 -3607 9681 22397 -1939 3456 -263 $
-4558 4558 592 $
-19643 505 -782 $
4845 -6331 2872 -4994 -7487 $
2396 -11133 -1015 10200 $
-21820 -5861 -5123 $
3121 -12342 $
2882 -22071 -6225 $
3875 1007 $
49 -3815 -10540 -11856 7535 4937 -560 11139 -16302 -17512 13658 12601 -8127 -603 1164 -17613 $
2931 -1672 $
-430 -15475 -23507 -3230 3603 -14143 -4588 $
-9795 20383 8097 -2560 $
-19914 -3252 $
-17201 2952 $
-608 -22762 -3526 $
4028 5949 $
826 826 $
1334 1545 -4214 $
1429 -24733 $
-13820 -21410 $
-172 3080 -8284 -3608 -156 7068 $
-15756 130 12114 1840 13303 11825 -13575 6149 $
11703 -15848 10755 $
1561 -1899 -11492 $
549 136 1453 -20360 -7904 -16819 -19012 2947 1616 $
-4012 -120 -17887 -5867 -25 $
18949 1_repeat $
-9221 4701 598 $
3514 8237 $
-324 -2035 676 -970 6555 3232 -15173 $
6522 -15534 -14441 -2592 $
-19671 235 25311 -4500 $
4272 355 $
-1717 -10866 17216 -1093 805 3654 2406 4072 -5379 7102 -3066 $
-16673 4799 $
6609 -865 $
3233 -22182 $
-2153 7547 $
13668 13668 2504 $
-7369 -24926 -5678 -19338 4977 2059 15283 $
2392 -13063 $
7388 -17163 $
9917 -618 22582 $
-8321 10796 8180 -1601 -10107 6886 -12287 6651 -2703 -24573 -4520 $
4417 -10329 9860 -613 18185 17033 4653 -13129 $
7089 -6232 $
8609 -17269 $
8179 -2270 12917 -8452 4897 -4517 -556 $
296 6424 $
-22495 839 $
4330 -6638 8639 8405 $
-368 -21081 $
9113 2032 $
8607 -2851 -18937 6045 10561 $
11015 12859 2717 $
-1098 -1098 -1098 $
397 8058 735 647 1511 -3464 $
20839 13451 $
3046 15835 4966 18540 4966 5434 3169 3169 -5752 -232 $
16846 -1726 $
16102 121 -14681 -25285 -19809 7974 -758 $
-11978 -90 $
13486 6585 7822 $
4832 -761 $
23522 14785 25739 $
4520 2101 $
307 1618 $
-17425 -5327 $
2965 25 5183 $
-10843 -2087 $
90 -22811 $
10735 -12869 -7095 -6389 -9131 -430 -18278 -2188 -663 $
-14732 -577 $
11290 -7204 11110 2674 $
24194 -15240 24300 $
8 -3390 -2664 -5205 $
6231 -7847 $
-2900 -9287 -26047 7902 $
661 -3415 -1507 3193 -665 12348 -5531 -19723 -15677 6178 -12742 -6808 -7154 10845 -5564 $
15398 -13963 -6333 91 -3875 $
-1723 3529 $
-6325 -2291 $
-2974 -12848 $
3142 -14538 $
90 3932 -24203 $
4883 -22268 $
-274 -274 -274 $
-2738 2738 -1391 $
-5805 -25500 $
2575 -15790 $
-2417 15061 -12110 -17061 $
8143 3475 12607 $
-23712 -2929 $
4077 5368 24153 25338 94 94 $
-4057 -14958 -18562 -405 -356 -7709 $
10818 -3600 -4553 -3000 $
4745 -1224 $
6531 -23914 $
-18027 -4799 18286 $
-21186 -3669 $
21430 9977 6640 10644 15524 4877 22539 -9903 22117 5614 3638 -12847 -7270 -21610 -9882 13707 -24679 21569 16189 22468 11755 15146 23443 20917 21103 22730 18153 17942 18947 18948 19768 19375 -20869 -15234 18705 5938 -21706 $
4485 25254 $
13970 14144 $
7383 3200 25497 $
-2352 724 $
3257 -7970 $
44 -90 10407 $
3455 -1754 $
3390 19794 $
-5930 -25 -1195 3472 -4965 25649 656 4950 8092 4950 -122 $
-9053 16233 -2892 $
16182 -5387 -9342 3100 $
7427 14550 $
13017 -12636 $
25108 90 301 $
10884 -1318 $
-228 -4419 -15229 -3834 -9163 4091 3134 $
21903 172 -8157 10053 -11226 $
-969 -7337 -2235 18975 -2235 $
102 -21948 -4436 $
624 4634 -5145 2436 2441 -12020 $
-8046 3927 6395 -10637 10516 $
-2742 -2742 $
2428 4155 20357 689 -6401 $
-21086 11907 $
1406 -210 $
1531 -21451 1531 20663 1531 $
-828 -344 -828 $
25514 1813 5463 $
-5526 -3147 $
7169 -2928 -1068 5187 1413 15379 $
4126 -13549 $
602 602 -156 $
9482 11451 $
-1531 13755 $
-9408 -16472 5123 $
758 -758 345 $
-2473 -15183 $
2047 23156 $
1171 5719 $
803 18191 -761 $
101 42 4383 -4378 $
-6941 -3924 $
2499 6775 -3536 140 -816 $
-9814 -15768 76 $
2460 -6510 10590 $
-7565 -1489 $
13428 -23032 3234 $
5147 6675 6675 5023 -5192 -3378 $
-6103 298 $
-1933 -543 -14512 -11840 -543 14641 -543 -22451 $
-19683 2746 9094 -20139 6462 $
8101 -1846 $
-3662 -673 -2085 $
-17623 1681 -19266 -155 $
-69 -18885 $
-618 15455 $
25706 3375 467 $
-5011 -346 6041 $
-3745 3775 $
-14943 -5587 -19829 -21593 -18295 $
12416 -21275 $
169 1755 -3255 -90 1043 1043 -430 $
-9421 -3383 $
23957 -649 -5971 -18963 $
-10333 1509 -8734 $
-8929 8761 $
-121 -9307 20274 -6854 -6854 $
-17209 -5474 20483 -9595 -6234 -1569 $
-1635 -19194 10625 -344 $
-1218 -1218 $
-3838 12125 $
-22739 3932 $
-6264 9344 4694 -5435 -18732 167 -12776 $
1518 7695 -3065 6090 -6742 -523 $
-25456 -14315 -256 -703 $
-9792 10989 $
-2260 2260 -2260 -2260 -2260 -2260 $
-1023 -6286 $
454 -3204 $
-24329 7925 $
366 -10645 $
234 -5960 $
-11899 -7100 $
-5820 -5820 19690 $
9356 564 -11832 12404 $
3899 1600 -3686 $
2847 13703 $
12826 -859 $
20026 9032 26137 $
-23418 6092 $
-2944 -377 $
5511 1799 $
12598 -11871 $
3285 8157 $
-39 -5734 $
-11112 -17724 -1018 $
-1091 1562 -1073 -257 -257 12421 $
20168 3348 $
10288 3185 $
361 5747 2626 -15379 $
-413 -15169 3122 $
-2441 1255 1255 19559 -4073 -15964 -4073 4738 11263 924 $
-1280 -7830 -2188 $
-483 -16617 423 6051 -9470 $
-13634 -9004 -6591 $
1146 13811 2274 -19714 -4204 $
-15719 5639 $
-4477 -71 7432 $
-11728 6614 $
-4127 -3982 -4127 -998 $
-6466 11464 $
8455 296 2517 6785 -5020 $
1269 2746 $
-1907 21512 1374 1374 1374 -5953 $
-12612 11724 $
64 -10163 $
-22894 -17651 2587 2587 -20044 -14981 -18829 $
2847 -1535 $
-19236 8919 $
2859 -9364 $
-3016 464 1808 -2227 2227 -2945 $
-15670 4774 $
-90 -18235 $
-23452 8579 -4290 -14721 $
10074 -20198 $
-17156 -87_repeat $
-2775 12984 -9898 1386 11027 $
10416 1564 -3936 3152 -4148 -102 $
-5849 12649 $
-3000 2313 $
-5357 -22040 $
10341 -1345 $
2391 25224 $
841 8493 15083 $
-3716 5343 3344 -3729 16281 $
-1673 5749 $
-9088 -25 7160 -23478 -2965 -3558 $
-14664 -3791 $
810 -3808 $
7852 -2843 $
-22939 -1498 -15779 21127 $
2297 3944 $
18488 -2882 15783 -2882 $
-19368 19651 -18535 -585 -25364 -10840 5952 -3722 $
-10995 -4414 $
-1640 6247 2154 $
-8726 -21709 $
-6657 -23282 $
6527 2375 -10392 11694 $
15841 6104 $
9540 -9448 $
373 -13918 -1036 $
21272 -358 $
2167 -9803 14031 $
1724 1474 14407 6434 -13573 $
1221 -2537 $
13769 -828 $
16688 -14288 $
-8787 -969 $
10441 -2293 17190 -12573 -2084 $
5898 18611 $
-2062 -2062 22309 $
2826 616 $
368 6910 2262 -14426 $
2101 3487 -691 23079 -1547 14965 1713 -1843 $
-22994 -5213 -15919 2451 4155 $
-10806 8267 $
-24020 14125 $
-2049 294 -7798 $
618 -3990 $
3002 -924 $
1856 1856 16824 -7890 7891 $
-16190 -4169 $
-1374 19790 -4114 $
15977 3672 -835 15221 -1294 17676 -1487 $
3312 -12137 $
2754 828 -25344 -11364 9557 -9204 $
3593 -5553 11611 4535 -1286 -10657 -6981 $
11657 192_repeat $
-371 -6153 $
-1871 -17579 872 -19269 3885 -3869 -861 872 22226 18533 12126 -1448 -451 -1871 1871 15321 -8244 $
9845 -6319 $
828 -2441 $
14963 -21643 $
664 7297 $
4346 -11696 $
496 -8689 $
-2156 -2084 $
16775 -15277 12614 20282 7882 9503 $
-23771 20047 -5684 -2868 -854 $
-129 25651 -129 14887 -129 -23185 $
-4994 -2800 8491 $
-19980 3127 $
9967 -13437 2987 -3615 -1055 1146 $
20442 -1_repeat $
-1_repeat -1640 $
11242 17817 $
5021 -14346 $
-17161 -20685 -14274 -18375 -20000 -15508 $
-2236 9471 2789 2692 $
-17396 14592 $
3667 338 -4915 4915 -21825 4915 $
-18423 7181 2734 $
1952 -2536 $
-6398 1817 1564 $
-4953 -1716 -783 -1296 22232 -3188 828 -7111 431 -1675 -2782 3888 $
-9010 10663 477 $
-865 4922 $
-6388 -17882 $
486 -172 $
15342 1627 -11011 14637 -9862 -3190 $
1702 -1057 $
-5932 6833 $
-12972 10519 -939 -3823 $
1558 24024 12877 -196 -2982 -2982 2159 22828 $
11791 -769 -1936 -3052 -7469 -7469 -15030 3645 -11746 -1451 4858 -18389 $
11497 5130 1193 -17137 $
23450 13573 -20089 $
-201 13601 $
10427 -2312 11182 -5442 712 2873 3440 $
26027 -1152 $
-9201 192_repeat $
9802 24570 19724 12853 2905 4008 $
-5460 20105 3487 $
95 4518 $
-1704 -21031 $
-3762 549 -8372 $
1363 1363 60 -10213 60 -60 -3104 -15276 -113 $
-7864 -1681 $
9468 744 $
-969 -969 17667 -2235 -2235 -2235 -1620 -24168 -1620 $
18531 3877 $
1048 2000 -25 $
714 714 $
2488 20229 $
8829 24067 11527 $
14469 1224 $
3127 -2188 $
-774 -191 $
916 681 -1933 10526 -3043 -13402 7885 -14262 $
-3298 -8366 -15083 $
7355 3224 18290 $
606 -87 -10291 $
2064 -3279 -1901 -9992 $
-1079 -2537 $
3272 1779 -1052 $
129 24715 $
-2960 -10252 -3103 20693 6741 $
-4022 -1761 25689 1025 $
-5347 12266 -2938 -2471 $
-2669 -484 $
815 -1729 $
-9403 3310 -5396 -3844 -24943 4197 $
12050 -3885 $
-2928 6559 $
9619 6147 $
-149 -513 $
6362 14279 $
-22577 -11524 $
-2006 2571 -5071 18772 $
5086 -11963 1019 11388 -1608 -9671 3062 5573 $
2014 10058 -18140 4303 -7238 $
8687 -15511 594 -6685 $
-9534 11763 $
-3277 -3277 $
3887 -19951 2674 3983 -1551 $
-17643 -25749 $
-24260 12121 $
10015 -6822 -19410 -1294 $
10607 192_repeat $
192_repeat -4866 $
-278 -22654 $
-950 -598 $
698 -10047 1988 -14418 -15123 $
-16230 4479 -19183 12250 -18379 7159 $
-320 -317 $
-9567 4618 -5375 -2965 $
338 3305 1307 $
-265 5791 $
16391 -3124 $
-585 -8583 $
-6142 357 $
113 298 -4762 2426 $
-4145 -4468 -10121 $
-10829 11265 144 $
-17725 -19761 $
24278 -13042 6519 $
-496 -19604 $
-4570 -88 -7096 8330 -8125 $
13226 -5044 -201 $
1535 -12753 9056 $
1016 -726 $
-17848 -10086 $
-2537 -17857 $
-7600 -21471 -7374 -7932 -1015 $
-22120 -21858 -357 $
810 3814 12639 $
1562 -10543 13420 1675 775 -15979 5449 $
3094 -1096 -1830 3207 $
1211 3198 $
-2775 15434 1415 $
-9335 144 -5784 $
-2156 9968 $
689 2540 -2540 $
22808 1500 $
-3938 15812 1369 -9901 $
-1128 1177 3992 $
-1456 -3010 $
-25613 -1885 -1885 -47 -18783 -47 -10603 $
-3070 -993 9074 $
-4575 23377 -17259 $
-23374 -1463 $
-2739 -90 -23707 -2659 -11629 9261 $
15161 -4761 $
14870 -17991 8982 -19255 11968 -6932 $
-13038 1_repeat $
5154 -10662 3972 $
-15781 -4467 10015 -6822 $
803 -13193 -4658 1098 -23165 $
-15466 -6017 5060 -3793 20324 23100 2318 $
9688 -9582 14528 $
86 -377 $
10919 1409 1409 $
-235 -3275 $
-785 -7255 2424 -388 $
-25130 14102 $
1213 -1782 14211 -2653 10807 $
1624 -2818 3735 -6242 $
-476 -245 24444 -13037 10912 $
1640 7329 -9949 -18785 7951 -1728 430 3526 2972 $
-5391 8273 -1547 -1547 -6884 -2915 $
11637 -9170 -3198 3326 -4339 $
1668 -20514 1252 -621 $
-18115 -13605 -5570 $
-7153 -1406 $
9158 1394 $
-2595 -12291 $
7314 -14354 2229 -8683 -1852 -14137 $
-17499 -21907 $
89 17561 $
2649 26066 $
163 -25563 $
-6835 4986 -6514 $
20366 -5344 -5344 -4121 15667 $
-2922 1419 $
-4842 -19467 $
-3518 -14660 $
-23604 245 $
-4876 1567 -4169 3738 21297 -1292 348 -1367 -2324 -4353 -23349 -7311 $
23993 -15809 -738 $
-11112 -11112 $
-20922 -19869 -1123 $
2021 -4742 6529 $
3000 -160 $
2822 -2637 $
21585 -87_repeat $
24363 729 20226 $
10041 2773 -13333 -1220 -8268 2523 -2998 $
1560 -4057 $
12028 -3781 $
3114 -3102 -2937 6134 4584 $
-4713 897 -14372 2723 -368 $
274 17051 17051 -10636 $
340 -6878 -104 $
-4398 -4953 -199 -1476 3142 9712 $
-4125 -8888 $
6419 -3605 -3605 $
-21617 8808 -2280 11107 $
939 -7173 25585 $
1869 -9469 1101 -18015 -18015 -242 $
1640 10883 $
5232 3196 7960 4834 7918 $
2444 1993 2241 -7947 $
17927 2729 $
1269 667 $
7893 -3543 22022 -19117 -658 -1382 -8905 -25015 -7861 -25207 -16023 -24969 4898 -15961 $
8085 1714 1576 1576 $
-5188 -3877 14616 7298 $
411 -7713 $
9557 6459 $
-2343 23986 $
513 -3738 $
-1788 1327 $
1779 915 4077 -3758 -7528 $
-7699 6242 -3735 -405 $
-1760 -10393 2441 -14574 18650 1773 1773 17795 -11586 $
-16612 5160 $
4293 -11167 $
12447 -8738 -2452 -2490 1754 -23758 -5558 $
12660 1015 -996 $
47 1885 -20700 17981 -18786 $
-21938 6110 $
-10027 -177 -177 $
1518 -2551 -21433 15754 $
-3926 3561 18269 -309 25924 -14888 -2518 $
1739 4543 $
23147 -2275 $
-3816 -9901 $
21180 21525 9146 $
1761 1761 $
1302 23638 $
-1026 -1026 $
14975 -2426 $
-21169 -17810 -17355 -15508 $
7611 -14852 $
17478 16743 4778 $
-5282 -11962 -3230 1727 4154 1655 -458 458 16754 $
11419 1921 $
12214 -7340 -7340 -1387 $
1775 11097 13111 -1213 $
1793 8951 2877 $
23875 8800 -156 -18229 -4419 -17548 $
-8573 1605 1605 -3313 $
-2470 -2470 $
3764 -3341 -1213 8528 -11187 9664 -9327 $
-3299 2013 $
1128 17211 10832 $
326 19804 $
-1651 -18819 -10924 $
1296 6566 -6127 -9842 5142 $
18065 -1099 -1099 -1099 $
4359 -1859 $
-25465 -7051 $
23045 -6395 -7101 $
11190 11309 -25925 4976 3440 6809 $
4165 -3402 -2400 $
16642 87 $
-10399 -7219 436 368 -3398 25498 $
1933 12666 $
6317 565 $
-12796 18654 1899 17615 573 $
-517 -550 $
-9105 412 $
5376 3469 5278 $
2441 -3649 $
6703 -5874 -1292 348 12842 $
-21530 -3328 -1356 $
1562 -20019 -655 $
-1531 6262 21477 $
1309 -4602 1295 1009 $
-22952 5083 1573 -6008 -1308 $
6318 127 $
2882 -7084 $
2436 -2646 10559 $
-621 2408 $
-584 -11481 12025 $
1711 -4731 $
7297 -11683 3255 -103 $
-95 -2400 -3861 $
4673 6881 3425 $
6937 2177 $
-15385 -5781 -4064 $
-5669 -1255 6648 -7099 -2505 $
-12863 465 90 18880 $
1885 -18192 $
-23431 3209 1033 $
3378 20926 15993 -871 -5315 3063 $
-1969 6671 630 -2439 1917 1917 $
-869 -16826 3124 -6845 -1653 $
749 -17407 -5748 -20590 2340 $
18589 8494 8494 $
6782 -12865 15003 4379 -2233 $
2212 18892 $
-1169 -17240 $
187 3048 -8114 -8793 1207 $
-8790 -7384 $
501 -111 $
2361 -539 $
575 -11309 1654 -3420 $
-13529 12452 -8325 -10496 $
-1221 15503 $
-16734 1980 $
-19854 12267 $
7294 213 $
-20117 -15395 $
9369 -3860 $
5708 10747 $
1215 8008 $
-6080 3764 $
22114 6777 -5225 1043 $
-3490 -2062 -1147 -2062 -2062 20660 $
-1633 -454 -2733 -25646 8380 144 -16 $
-417 1751 -3135 -19176 8888 2214 $
12508 -18743 24516 $
3228 6758 $
4692 4857 $
-3123 15254 $
-20134 2159 $
6634 -8370 -715 $
-2222 -3410 $
385 835 $
-843 465 23378 973 4702 -19844 -4867 -15542 -4049 $
13687 -3873 -11789 17092 -1399 $
1072 -6422 $
-1907 -1394 9688 9719 $
19645 5571 -3124 $
1296 7002 $
647 261 $
-2299 7259 5205 -12413 $
1782 7050 22133 $
7106 1101 $
-1815 -15850 $
18970 -3054 $
-17316 87_repeat $
835 -23848 13112 12494 $
-2144 -658 4283 $
1228 -12393 14108 $
12782 -4098 -6131 14691 -6573 $
-888 -6858 -3274 -19946 $
-1105 11436 1223 $
7290 -9166 990 10879 12647 -4561 20036 1403 $
2360 2360 -8584 $
4588 2786 $
-11758 1209 4797 4064 -649 $
7787 -10048 $
451 1115 -665 $
8511 -2789 -6129 -1784 11775 -758 -13769 10543 -1939 -7360 3679 -8729 9008 -13033 $
4061 -6403 -25086 -473 5382 -3426 25654 -7148 $
785 5699 -7101 $
-7093 6495 -19930 13511 -8002 6532 $
-9249 2455 9944 17062 -15871 $
-24096 -1871 861 $
-6559 -6083 7648 16187 -5718 1012 618 21222 3617 25060 15846 -5849 -7583 -5706 $
328 -6000 -10291 -12781 $
-23600 -1815 1_repeat $
8038 -18716 537 3508 $
2641 -18142 -3292 -2641 -1252 -982 2028 -435 $
10864 11764 $
-3350 1484 -405 -15542 11088 11088 -6658 25784 5193 -6451 $
-4944 -1870 -2989 $
525 -2042 21630 11236 -23157 -917 $
587 -9942 -5436 $
3605 -179 -179 $
999 5743 $
626 22024 626 626 626 626 $
19625 23065 $
-1652 479 -17423 $
3271 -373 $
19179 15351 $
3707 5635 -15196 $
812 -18362 -18487 20339 -13588 -874 874 -22601 $
6121 -9219 1483 1483 $
-24326 -18566 $
4783 4783 $
701 -6024 -5016 2752 $
-2952 -1341 -15817 -14617 $
6782 -14412 $
-6723 13693 $
17064 21589 $
-2632 -13654 -3447 -18421 -1776 $
14210 -6393 $
2487 -26001 $
20696 -16854 $
-6075 -2298 $
-6749 17596 -4519 $
4960 -1940 4134 -4965 15723 -8233 8720 1269 -3817 -25532 $
2162 14906 -9288 -18974 -1887 -1523 $
2049 2049 2049 $
-2061 -3201 -7938 $
12709 -6795 -7922 925 5013 -1809 $
-247 12912 -2835 6339 -865 $
366 -7525 $
-8466 5345 $
-4668 -686 $
18158 624 187 -187 $
680 16931 $
-11483 -16337 23689 23451 7919 -2803 -2803 -2336 4994 $
-1218 2852 674 $
-8187 -14951 -10101 -3207 -1096 -1096 -9139 $
23063 -23660 $
3622 -127 -8402 -3787 -18882 -2775 837 -689 $
3190 -2857 2529 7570 2984 2903 $
20931 -2147 22355 -2426 -6538 -2426 $
-1041 10065 $
-1027 4677 $
14039 -10766 12198 -25757 -7702 $
-6556 -4379 2986 $
-9597 -859 $
5532 7691 -3258 -6297 2442 7600 $
8126 2775 -1296 6771 22892 -5294 $
-10238 5305 -479 $
20170 15370 -1752 1544 20266 $
-15071 -22084 $
-61 -61 -41 -4331 179 -912 -912 $
-2519 -11752 6472 5996 19572 -7941 -3043 -739 -598 $
-9480 280 -5874 2050 $
95 -4835 $
19861 -4036 $
-15691 2400 -8163 13786 $
-13623 25 3156 $
19614 16961 $
2528 -6986 -2828 $
1686 -696 -5458 $
4315 4518 -2267 -2267 $
4055 -4055 $
1405 25513 -873 $
196 17511 $
-193 16811 4214 19832 -4115 $
14680 2575 -19977 21506 2575 -23585 -6274 $
920 -18042 $
-2427 4967 6143 -4396 10359 -365 -4238 $
-7103 -14297 $
25842 8067 -2340 5190 -758 $
-25968 866 -10743 2566 -4883 $
196 196 21345 6174 7982 196 $
10677 -649 -11063 6669 -314 -25259 $
-4627 22021 $
-18380 -17901 6090 -466 $
1260 -587 $
-22813 -16664 -20248 $
25258 25728 $
5017 7266 2165 $
5294 -108 -9692 $
-27 4107 -357 $
3970 -714 25243 $
3545 -944 $
7773 8812 3198 $
-17588 -1973 $
7692 19499 -10831 -939 $
11721 -7702 $
-398 -39 -3010 $
4852 4630 $
233 -8193 12504 -1779 $
5953 -13055 $
25857 12999 $
-9501 6544 $
3023 -93 15477 -17212 15856 -2809 $
-2641 -7119 -17745 17133 19826 -8464 $
-14806 368 11596 -150 $
-1640 13390 $
1294 -1455 $
-90 5532 -3286 $
-16167 -3787 $
4516 4878 $
3043 -3447 -84 -4109 $
-8524 -5508 5179 -13260 5616 $
-23605 113 -2579 22000 $
16 1211 $
-440 13522 3003 17233 $
-21616 785 -15090 -4514 $
18831 543 543 $
14467 6108 $
-3574 -431 -431 -4292 $
-965 -186 $
-11550 -23359 $
2785 -258 $
2257 166 $
4957 683 $
-346 -9789 11537 -113 $
430 -22835 16439 8947 -5978 19091 -1713 $
5332 -4075 1640 $
9021 2919 $
4783 4783 $
866 179 804 538 -860 2241 $
-19157 5581 814 814 4485 $
12706 -1643 $
1052 23569 -3072 $
-1155 -7909 12824 -17455 7098 -17293 -10059 $
2674 -11495 $
-7803 -12430 8848 -7410 $
-7551 -3970 $
11255 -15293 $
3707 3778 -6163 $
-15654 90 $
-18640 11151 128 $
-23751 -19038 -8164 25079 -2578 $
6772 -6628 -17018 -11836 $
1363 1363 -12545 1363 $
11165 -3620 15621 $
8297 -578 301 -1808 9348 5072 1296 -9376 22390 -17768 1630 5440 5440 5440 -16850 $
-3208 9173 5823 4003 -5278 -12001 $
1183 -1870 $
-1458 -5450 $
1253 1633 -14216 $
5117 -393 $
13443 -2948 241 -4081 $
130 -15688 $
2436 -3737 3004 $
462 -25418 462 24683 $
1673 -20028 $
823 7245 $
26 -23112 $
3875 22605 4517 $
2023 -3021 $
17015 -1222 $
-3443 -2117 2634 4387 -10348 $
1414 -2097 -7696 $
9123 -1023 7781 $
-12959 16256 -25429 -14139 24223 $
-13859 -881 $
-1646 3666 -2983 $
13917 -1_repeat $
-19765 -11177 -902 $
-7109 7318 -23895 -1003 55 22045 1003 10468 12261 $
1092 -1042 $
19868 -8421 $
8598 10993 -9056 2476 $
576 576 $
668 -868 -7542 $
-6243 1225 -7634 -13541 $
2010 -465 $
8016 -2293 $
958 12067 -21039 -2421 $
-5646 7417 1214 930 -4508 $
6422 -6526 595 8341 606 $
1011 16460 $
-10161 -6054 6314 9123 1023 -8071 1009 $
10347 -1946 -6801 -5466 $
-2049 -1252 -15049 20087 12870 $
24016 22598 $
-3252 129 $
1942 11136 $
-11945 -4198 $
5143 2575 3263 $
9143 -15355 764 9058 $
4661 -125 $
2297 -21003 $
-9701 -18098 $
13574 219 -6460 3100 -6814 $
5171 -19556 $
820 701 $
-3653 -8718 8490 10217 $
-10455 4283 5874 -9879 $
3121 3121 1198 25283 $
3590 -8436 $
95 25946 $
-84 -10763 -2396 $
3871 3877 5188 -2200 2866 -19999 5648 $
414 -6524 $
11006 2433 $
13180 9337 $
20808 -15465 $
2479 -15917 $
1232 -6382 $
-760 149 -24386 -149 -5100 $
11861 -13759 $
2528 -738 3982 $
9538 10070 $
1627 -5215 -714 -1326 $
-5522 15864 $
13450 3620 $
-4712 14665 -312 $
-1270 -5900 -25910 1018 -11178 -5456 -2444 2414 $
5063 18343 $
-2474 -11170 $
6964 -3465 $
-25402 1542 $
5366 1300 $
7005 15583 $
17370 14846 $
765 -5014 11615 -6472 23262 $
-16449 -22710 8466 $
938 19530 -634 $
-1873 8364 2036 15762 4433 2928 $
-13383 4757 6582 -5859 1927 $
23896 -6485 $
21761 935 18652 $
4367 25441 $
-3121 9505 $
6859 2468 $
974 3073 $
-19917 -1123 -1123 $
699 -1968 2761 -4356 12359 -1191 -3687 17284 -965 $
-413 -5043 $
-21700 6039 5532 -15027 $
-2545 2545 $
-1733 -14095 $
5005 5005 9222 2211 -1253 18817 -2724 $
1856 2597 2597 2597 2377 $
-6931 16916 -1193 $
-7327 -92 $
14222 -2484 $
-4906 872 -1871 7414 -3667 -724 -103 -4647 $
-15380 1187 -2238 $
-10758 -4346 92 $
-7445 724 $
-2664 -24027 -2664 $
542 -356 3030 -12171 835 2862 -8746 -16103 $
13776 -2615 326 -2859 -8042 $
-6111 -1777 $
-9145 -3502 $
24147 -394 -1662 -5474 $
4377 -4377 $
1345 -13081 1270 1270 3901 $
-4167 21747 2899 $
13844 -4650 $
13274 1548 1548 15725 $
-9272 -734 $
19275 -6146 $
4469 1301 $
-11710 1593 2719 $
-870 -5119 8068 -2025 -21681 -13782 3958 $
-4864 6649 $
14918 406 -881 $
971 -424 13267 15066 -69 $
-3419 17832 -3744 $
8988 -3968 -11849 $
-22235 -1077 $
-2472 -25556 10248 $
-3092 -4161 -1426 $
7601 3438 $
2857 2857 18724 $
7088 -1714 -3296 $
4270 -3283 8110 $
2550 -1723 $
368 -2686 84 -9019 10215 2278 966 -2423 3818 -3420 $
-6963 -17183 -5923 -945 $
-17622 1476 12023 $
-2565 -1_repeat $
10314 3809 $
295 2899 2899 2899 $
-9771 -3330 $
497 5753 -12875 -4836 $
13288 -435 $
7872 1_repeat $
7056 4960 $
5117 -503 -503 $
16649 1604 $
5658 -2278 17192 828 $
1003 1003 -1352 $
4921 4312 -181 $
-15205 381 5532 -1498 $
6176 2598 -1225 $
1137 2396 -2396 $
23482 1977 $
7375 -5136 1269 -17747 -12267 1297 -16338 $
-12459 -587 $
1899 -22249 $
1800 -1791 $
8288 32 -7623 4212 $
1508 -22576 -3332 6943 $
-10673 -2687 -14630 4236 -3877 -12669 2364 -559 -6954 -20441 -11717 $
-513 5613 -513 -5475 -1829 $
-7325 4915 $
-3117 3139 -8792 $
22684 600 $
37 -8816 $
-25606 87_repeat $
-7034 17804 $
16945 1846 1227 1132 $
-674 -2639 17718 $
-4948 -4948 4948 -201 -74 -1050 $
14801 7766 -10615 8427 11055 1213 2114 -1063 1806 7393 -18086 29 283 -476 $
187 -598 $
574 1357 $
17003 20656 $
-8914 14337 -16610 $
4370 -11852 6690 1270 -17771 -958 5939 -21957 5939 -5343 $
19770 9955 -2847 $
269 16079 269 -1640 $
9117 -22619 $
-12750 8340 12931 $
5430 -1668 14900 -5860 1816 -1716 -11666 15026 -235 -6093 -15235 $
140 -2313 -7036 $
-941 -13595 $
5845 -429 $
-16835 -3448 1222 11780 -19872 -17015 -7011 17987 $
-8577 -2433 702 702 $
-12556 21394 $
5521 -23699 -6396 $
5407 12216 -689 $
10787 9777 -9262 6861 24619 $
-20200 -24763 -13306 $
1294 8795 $
-16007 21457 -701 $
-3899 24503 -15323 $
7880 8591 $
-47 -47 $
10883 -19348 $
2360 -1315 $
-13612 12420 $
12953 3220 -10960 $
-2468 21001 $
-2018 -5524 $
2524 11689 $
614 2929 -17176 $
-2405 4512 2752 26134 2752 -8119 -16249 -37 $
2646 -8223 -4554 17225 -1208 $
13677 19390 -3174 $
14848 1043 2730 $
1938 -221 7601 $
-2698 -1620 -484 $
3011 10417 $
-4540 16718 $
19694 10658 12587 -17878 -23268 $
-12821 9617 -10518 2452 -2135 5941 15012 $
-1301 2924 $
21212 -3132 $
-196 -11535 $
-13929 9648 $
378 378 10686 $
11318 1030 -1316 4676 $
-394 394 $
-2297 21422 $
294 2659 $
2928 -90 $
6512 -10002 $
1952 -3011 $
22350 490 -6883 22006 -8100 8056 $
2228 -21372 -2359 $
1330 -3648 -6381 -3838 -2634 13273 -2724 -16011 $
-3391 -3175 3590 $
7290 -1295 $
7420 -10839 $
-20474 2952 2952 -2952 -2952 $
14033 3495 -8360 -9384 $
1218 -1218 $
-7070 -17304 -4346 -16024 -10872 $
3899 357 738 $
5912 -23495 $
-22458 1_repeat $
-3892 -3959 20271 7732 -5282 -11705 25603 $
-3843 -753 -18312 7410 $
24864 -13266 -578 -473 -7722 -8032 -6141 $
-24810 -958 16130 2349 -1604 3942 -1887 -24319 $
21124 12716 17591 484 $
22061 887 $
-19606 -19292 $
20842 12611 3503 4443 $
705 21776 -11479 24479 10467 2468 $
-14790 17922 14088 $
-16292 -1815 -1815 $
598 4486 -4872 $
24833 1_repeat $
-4853 4853 7889 -5604 -7247 $
13651 1993 -10023 12746 $
-612 -19633 $
1489 19490 -169 5591 $
-1555 -4132 $
19762 6146 -13955 3339 -10290 $
6195 -1063 $
-8983 -5778 $
24800 2352 14189 $
-9324 -9324 4616 -74 $
7415 -13946 -22107 -2563 $
2396 -1033 1805 $
1439 -1438 -9130 $
918 -1647 $
-19526 -186 -11867 -2888 $
8196 4488 $
4670 6957 $
308 16409 $
9460 -3997 $
-1101 -1101 $
17436 1815 $
-1369 -16583 -1318 5701 -469 4321 -19900 13359 $
-2384 8922 $
1217 -775 $
-5342 -192_repeat $
-192_repeat -19948 $
-23501 6405 3920 $
5425 4339 -418 16799 1427 -11346 2842 14093 $
11065 -5023 12436 -6881 $
1815 -1815 $
-13236 -1074 $
-376 -22195 15225 24357 $
-2878 2048 $
-3545 3499 1339 -13388 3308 -2263 $
-14618 -1432 $
-1016 1982 $
920 872 -19913 -12619 -1503 -1709 $
9230 7529 3219 -10146 992 -8515 -10754 4830 -7865 5539 $
-7910 10345 $
4436 -11864 $
1761 3757 1761 $
3097 -11749 1933 3718 $
-520 24952 440 15936 $
16618 -15437 -5155 -15437 6914 $
22155 -23398 -24680 $
5089 1607 -24692 $
2065 -19497 4233 2260 13108 20626 -12858 6453 $
288 -1808 18717 3389 $
-5899 12708 $
655 -1823 -24644 4649 25875 3683 3683 -5961 -6710 -3683 $
102 7565 2612 -11378 2642 $
-18218 16543 $
-18780 19582 $
-4777 -2507 $
1225 -465 $
-2201 810 $
-267 8179 -9331 $
-13517 -6396 629 22997 -6188 -7731 -4373 3560 -17935 -928 5489 -3802 698 -8938 $
11018 -12325 -20609 2962 714 $
-1686 -9012 4637 -14057 -2483 12234 -7624 -3594 $
2972 -103 4833 $
7330 5489 -21953 -15573 714 714 22379 3084 $
24059 -2539 $
2153 -44 -11913 17325 -4123 $
-1297 -4693 $
1765 -21396 $
-525 -25966 $
23749 1614 -2770 $
42 604 $
11809 -7088 $
10798 -4761 $
681 4419 $
90 6345 10759 $
116 -9095 -3959 -7377 $
-1441 -15747 8352 13715 5719 $
-12044 -1577 21799 24892 $
-10694 11156 $
763 -1062 -2082 -5154 4537 -11398 -2895 $
22872 4241 $
42 -6357 $
-19571 -11384 $
-14930 8879 -9711 16600 $
-23653 450 $
-835 -3847 18594 $
124 -17282 -4757 3049 -2257 -14487 $
17870 19436 $
2691 2691 -10854 $
-3679 5526 1111 4636 $
-7963 -3189 -18468 $
18471 868 $
-3587 1643 -3030 3806 7635 20225 -3508 $
6151 314 12349 $
9644 5012 $
-43 -8484 -8484 -8484 $
201 -3601 -370 $
4469 9308 1173 $
2645 -6199 $
-12275 -288 -3285 $
4094 -350 $
-24211 -2252 $
1704 -2560 2463 $
16021 14719 -22486 -3367 $
9553 8059 $
-24366 4109 -4867 $
-5379 6213 -9191 8040 9666 $
3254 -3254 -10218 -3098 -18685 -3098 -5775 3098 3468 $
13623 -249 -4854 $
17103 5010 $
8577 2515 -4691 $
-6124 -9911 $
-22816 5015 4308 5080 $
-2505 -1668 $
-14151 -64 $
9301 -13887 $
11381 -6422 $
-9404 6537 -4720 16853 $
10746 9091 $
2316 -19626 $
417 -577 -12094 $
2098 -10357 -5123 $
-24905 25486 $
3594 -2158 $
11552 6617 $
-446 -22690 6247 -8112 -11731 $
12201 -1007 -15491 -10206 $
-230 2315 -13576 1534 $
13336 -2514 10681 9801 1407 -4129 -21155 12502 115 -6337 12642 $
6402 21724 -8754 $
12726 -11150 16274 -7349 -10851 $
-265 -265 $
922 14988 $
17727 23390 $
3618 -5253 -12682 $
-1928 6031 -1951 874 -6126 $
-103 -1294 -3059 -20713 -15369 -1910 -20319 $
2273 -4234 $
14006 -3209 $
664 156 $
-13465 -529 13010 $
14488 -10895 $
-13156 -12311 $
1004 -10223 8215 -1214 $
4313 -5013 9730 $
414 5889 $
757 -1517 17859 $
3233 4325 $
2824 2824 17121 $
1026 -2400 $
-9300 -18222 $
9079 23367 1659 -9355 25448 3263 -9397 299 -15619 $
2156 -410 $
-922 922 $
8244 2422 -7362 15553 $
-157 3459 $
104 17456 2922 $
3280 -21801 -5160 5729 -3336 $
-6240 8291 -844 14031 $
-13762 2604 -15918 4752 7605 -11530 $
6717 -8599 1178 5151 -4904 $
-17917 -435 8054 $
20763 12271 $
-9076 5765 $
24697 447 $
-680 -8035 $
462 15833 $
-1971 -19253 $
21591 23792 $
6030 -4055 -4055 $
3865 14201 $
-11771 -90 $
-8739 -3474 $
-7484 5839 -3319 $
-2377 -5832 -5081 35 -2188 14 $
-2261 20373 $
11262 2181 $
25767 179 $
21971 -5899 $
1952 -10363 $
2211 -952 1719 -17809 -831 -831 -831 7244 -1789 $
-2466 -7722 $
1479 9994 $
-16109 4265 $
2530 -11934 $
-14119 25300 -20380 12412 3233 12823 $
-14536 -719 -2964 $
-17197 3486 $
22484 3568 13364 4240 -2228 -1440 -9735 $
570 2789 $
10552 25388 3545 -14005 -25 -1791 $
3979 -9373 -6207 -4378 18748 -234 1003 $
-11076 -462 $
9571 5553 -8694 $
-19727 2545 7075 -2674 -12813 $
1039 -881 25718 $
-3398 5543 -11920 4517 255 -309 $
31 -2282 -3277 -4894 -1060 -3445 -3614 13645 -10616 -2654 $
-2809 -15706 $
2107 16243 7557 -9502 5191 -16738 $
-9319 -21231 $
-8515 4887 -2808 -1002 $
8648 25954 25803 8648 5029 $
15575 11520 465 414 15826 $
-14286 5532 23967 $
282 9905 $
377 7060 -4169 $
20891 1057 $
2350 -20114 $
-4985 -14389 -93 $
11595 6168 $
157 865 -6757 -542 -542 -573 $
3886 -5814 $
9182 1127 -16587 $
5336 6806 -5641 1933 $
6504 -21578 2607 $
-18918 3280 -2682 $
-523 -9732 12809 -5391 10483 $
-1006 2017 $
-3629 8003 $
20995 1633 $
-39 -39 -39 $
19993 2053 -14117 -4836 -8776 $
5265 -6169 -12528 6192 $
8 -2130 -13956 $
7867 -3825 -61 $
-3133 -4963 -23612 -496 3485 -50 $
26032 8195 -891 $
-2131 1278 69 $
141 21158 2895 7775 -3263 11005 6754 $
8 216 $
3335 8684 $
17732 -6266 $
-19661 -1181 $
-17661 -6426 $
10535 20912 $
-6165 -344 -344 $
12827 -7027 8473 -2673 294 19458 $
-6222 1155 $
25394 2255 480 -4897 $
-18553 2885 2157 $
4903 -8114 -154 -5378 -1263 $
-6269 -10338 -1_repeat $
-1_repeat 5659 $
395 8093 $
-2024 -8350 $
-156 -156 $
6785 -556 $
5781 -3540 -828 $
-815 -37 $
3860 -10696 -14599 -13994 18814 -12529 8503 -7770 $
-3889 1399 $
-22331 1992 $
13694 -17863 -340 $
-25447 -5947 12203 $
-5829 2623 $
3886 -6896 14704 $
-21192 -15326 -3085 4573 3085 -11358 154 4739 12855 10099 4426 -2184 1905 $
-2259 19224 -17151 4392 $
-2862 -606 949 $
1776 -2910 $
-7977 1_repeat $
-2730 -7802 $
21831 -15854 -2401 4695 6745 -12360 $
-234 -4322 -4435 $
1885 -1885 -1885 $
5870 -12497 3573 3396 $
6996 -7138 $
9138 7690 $
17354 18812 $
-8239 -201 $
-1759 12392 $
20192 -496 -1214 14067 $
16759 11074 -10402 $
4544 -1360 $
-2575 -2575 -2575 $
-508 -17906 $
-5823 -15166 $
191 818 18106 $
-440 5254 $
13450 -7326 -1498 -3545 $
-559 -10870 $
255 3860 -9235 $
24466 -2147 $
2196 154 -1321 -9104 -2518 -9437 -2637 $
4214 4871 4871 3850 -19568 -3158 $
1484 -6709 $
-17614 970 $
-761 13986 $
-5830 -147 -3118 $
1309 -4257 $
-480 -480 $
23217 -17342 -9772 $
-20127 -1722 -25426 285 -1601 -2732 1419 20714 $
25878 -402 7613 $
4753 3566 $
2808 -15536 $
31 -2556 -5120 13282 -5170 $
1001 -15312 $
5557 -5119 $
1225 -12484 -1852 9497 $
-20312 -10013 -8064 -1891 $
5622 -758 -12661 -4485 -280 -8018 1518 $
664 -10082 $
15195 689 $
3223 -18853 $
-211 -14843 $
9128 -16153 $
19533 -332 $
2967 -1552 $
7290 -9037 $
-8234 2477 $
-1557 -21887 -817 $
196 -196 $
11605 7046 -661 $
2396 -3072 -907 19539 $
-421 -421 $
-6671 1914 1280 3618 -11372 3072 22926 -1067 -1067 -24661 -5948 -1002 $
3072 -5148 10705 $
-23171 12302 $
-88 -88 $
24965 -22901 -19896 19801 -1750 1750 -1750 1750 1750 -1750 -1750 $
23943 -928 $
1559 -12367 11271 1409 1409 $
669 2738 $
-18392 587 -3891 $
-1043 2396 6713 $
47 -7588 $
25404 6774 $
4575 22610 $
20148 20401 19840 25733 13497 3242 4124 24976 24950 15294 19078 18396 10306 15004 16813 24118 94 94 94 94 94 94 16045 94 4201 94 94 94 $
532 -1224 1224 25080 -9041 $
-255 -1004 $
-480 -480 -21618 $
-1098 -1098 -169 $
6522 1635 -1070 -20678 -3894 6665 -10911 -1044 $
278 -6190 $
-9891 -290 $
8145 -3161 294 $
-15334 -3416 -14272 4609 -6754 $
-8004 -19116 -2257 -2257 3336 $
-10360 1410 -5362 $
3678 18507 16908 -4500 4517 -1815 $
160 -8680 $
2959 2959 $
1815 1815 $
5257 9559 $
-11141 3760 2391 19128 -19181 -20278 $
3566 3566 -1955 11578 $
15384 -3282 -18782 1593 $
-662 3847 $
17847 -35 1880 $
-2913 -2913 $
373 -13189 $
1615 -15898 7578 7578 7578 -12128 -12128 $
4720 -467 $
-3636 21077 $
-2435 -2526 $
-9278 8476 $
-918 -5807 -1147 -2062 -2062 -2062 -2062 -2062 $
-1776 -8460 17607 98 10276 $
2776 -7517 $
4508 512 5798 -624 17966 5506 6782 $
3401 -1835 -1236 $
-1782 24632 $
-6300 -21010 $
-1345 -16324 9750 $
9856 -7870 -2244 2736 -839 252 -9054 1269 $
-2733 -2733 $
-5988 2518 309 12408 $
210 6958 $
16376 -554 $
1142 10576 -2028 -20495 $
12729 6877 -18124 174 2284 $
24345 1217 4654 $
10007 6425 $
18053 -6432 $
5347 3705 25151 3419 -2730 $
-935 3408 $
-16385 1079 -6559 5660 -1414 $
1079 -1508 21194 $
-6765 -15430 13567 6839 $
-3326 -18013 $
1886 -10991 $
5467 5823 -5414 $
-18701 -4606 $
12159 1159 -11556 $
1640 -157 -157 -157 -157 157 157 $
-2862 157 -3750 $
-12627 2084 $
8770 6612 $
-857 1644 19850 $
8972 8062 $
2460 -5756 $
-13659 4571 -205 $
-2697 1406 $
-13167 -13167 $
14600 -7625 $
1561 1561 1561 1561 -1561 $
22378 -5329 $
-19933 2280 -3995 $
11526 423 4110 -3442 $
3172 21027 20644 $
-8169 448 $
4012 8957 -4249 -8015 -9847 -10454 $
-9798 -16290 $
-18094 1395 $
3827 -4580 -18467 $
2441 -25332 2941 -2507 $
-2679 -20583 -176 -448 448 176 1587 -23213 935 $
12805 -9410 $
7740 5256 6727 $
3535 4732 $
1058 -3799 20446 $
-578 6517 $
21007 12171 -10438 1508 $
18291 -24208 $
-25 -4323 $
-25347 24873 -435 $
6488 18647 -924 $
13171 -5782 $
19086 -23233 $
-25078 -22111 $
4202 1416 -7978 -2812 23574 $
8647 3914 $
-18530 24037 $
-9426 -6198 $
5296 -1613 1473 -13906 -807 $
12172 12172 $
-6079 -1610 -3803 -1939 $
1180 -1180 $
23962 5232 $
24907 10770 $
-16752 1256 10071 -6140 $
10038 -3065 7836 -6742 $
-577 -624 20095 $
462 462 $
7365 -1567 $
-3218 10113 -2507 -2396 1720 16311 13727 -2449 $
-3233 -3233 -3233 $
11367 -5817 $
-2915 -12520 -15605 $
2902 -12093 17262 960 960 -18578 -2302 1310 16111 21819 886 10 19907 2871 -1985 258 -5020 -1810 6370 $
3251 5853 $
431 3218 $
624 5752 $
-4580 3954 $
1476 -2802 6063 -1385 -7650 $
8657 2081 -3213 -10265 -8850 9712 2674 -573 $
-1907 1318 $
5919 15235 $
3233 3233 3233 3233 2933 $
-2229 -7314 -2902 $
-3518 -5636 $
24379 71 -22918 $
7024 -15114 $
-23532 -18382 8672 $
-969 -14904 $
-90 -2470 $
17812 8013 $
-1753 -5272 -1026 $
-2116 2275 -4799 23358 $
-20412 24317 $
19847 -18412 520 $
726 -23869 $
2550 -15965 -3349 4998 -3889 -25218 3043 $
-5161 -991 21651 21615 10228 $
-847 -372 $
9905 1631 $
3947 641 9812 $
-24124 2910 $
2282 14804 $
-1251 -2958 3362 2773 25001 $
6521 5532 -6983 $
1416 -959 $
-3214 4466 $
11089 -1963 $
-13792 16374 $
-18226 -3261 $
16925 1154 5604 $
20163 5917 -6250 4526 -4318 $
18454 7042 7042 -25042 -24406 -501 $
-3503 3726 -3666 $
1570 587 -8154 14029 $
-4033 -4033 -4033 -21564 $
-5778 19860 $
13872 -18722 -326 -6761 24309 -5586 15019 $
5169 -4926 -2436 $
-133 788 $
4663 5795 2334 24144 644 $
3875 1681 $
18334 -3865 9787 $
-12578 11996 8478 $
-1681 -12737 $
857 25098 $
888 6317 $
6649 13168 -8005 25193 3267 -10180 -15582 $
12483 1745 $
-6854 -25028 -4864 19113 $
10885 -9858 $
524 -12064 -25279 1125 3336 $
5131 -8668 2505 -8142 6773 -6971 $
5635 -2131 $
-7994 -136 -549 $
761 -714 -5776 2853 -4659 -1193 -11585 2675 2138 -19859 $
12647 -20389 $
-10293 -14363 3694 -18903 $
-957 567 7779 -9069 $
-1145 -8497 $
-5295 -255 -962 -18069 $
3544 6853 -14367 112 841 14052 $
328 -2405 -2666 $
-10193 1287 4548 -11743 -23796 18843 $
-4867 23017 2402 $
-1209 -3301 -1019 -3240 2652 -1796 -4362 -11368 -10613 9928 8572 $
2616 13646 -10174 16247 -20413 4249 $
93 1643 $
-9122 21960 $
-4123 -13067 $
2519 -924 $
-7870 10206 $
-2260 -2260 -7805 -7805 -2260 2373 -7805 -2260 11449 -2260 -2260 -7805 -7805 1147 $
-2273 -25540 2272 11090 -11234 $
-12230 479 $
-7359 6208 $
6617 2131 -3000 $
5118 7142 $
-3201 12787 $
6802 -3434 22017 $
-10783 -5276 $
-9756 -15213 $
10638 -6564 $
2360 -10991 $
-7402 3343 $
2654 -1970 $
3683 -6934 -3290 -3290 $
-13778 9797 -1225 5939 -8904 -18834 $
8143 3475 -20151 3498 -2724 $
1016 -5240 -5158 25 -2000 -14109 -1048 $
5768 4140 $
19501 -5532 -14577 -1559 15307 15720 -9688 5171 -2105 -15297 $
13889 1885 -13763 -20409 $
278 3082 8939 $
3970 -1873 912 $
-1023 -8680 15814 -23871 $
-12774 -7933 -1536 $
8027 4889 -8297 465 -5746 $
17110 3875 $
2125 -399 -2721 $
23430 129 $
2107 -9921 $
-20204 -2673 48 -1635 -1909 5206 -18868 -10342 16904 7412 1832 -5008 $
2719 3228 -22476 $
-14741 120 $
-1843 -2112 -8742 -1214 $
3709 6464 $
6009 9466 18977 11875 $
-4449 5936 -4454 $
-12467 3841 -6138 -4892 7585 3185 $
-5105 5259 -1622 -2343 $
-19856 -751 $
-1055 -6826 $
-20263 -18927 $
46 14268 $
-3835 -2752 -8678 $
8014 3473 -530 -530 3435 -11493 -17019 -16128 $
-2400 -19440 -8863 -4382 -11289 $
9617 715 16272 $
-4991 6224 -42 $
395 1003 23578 12760 $
12796 -18832 1627 $
-6416 -2615 4888 -8517 -8517 14652 $
-2400 -4322 -7492 $
-9805 22773 $
255 -247 $
16330 -2741 5562 -11650 $
-373 4890 $
-24635 -5569 $
-2640 -4907 8513 $
1651 716 -2541 -2081 13661 -18993 $
-12105 -6822 $
576 576 5221 4404 -1154 $
11151 -10650 $
-1310 1310 2059 -11221 9900 13949 $
1205 -10729 $
-3634 -2189 $
2153 4436 -3285 532 $
5908 3408 7517 2236 -15422 $
4089 4089 -4089 $
-7700 15641 -7322 15557 $
15300 -1623 22375 $
-15736 1401 $
3973 -3973 9807 -1831 3020 -1008 3634 $
10856 -4475 5884 $
6395 -1184 $
187 -476 -476 -11030 7802 20855 5639 $
524 431 $
7541 22656 8326 -16601 -25912 -18457 -11450 -4955 -7532 -24396 $
25131 6865 -1776 $
21507 834 -3639 -10032 3615 -1635 -2987 -1517 3850 1517 1517 -2280 889 $
5936 -20473 $
14173 -942 19222 $
-20525 -23428 807 -6519 -6519 1309 -4257 2962 714 -2467 $
-366 373 186 $
5532 7600 -17106 $
11297 -1208 $
-9187 -1776 22548 6755 -3686 $
5870 5490 -739 -4872 2212 $
-16830 -16830 $
11697 11476 $
24924 -19747 $
3959 -7442 $
1675 -120 $
1123 1123 $
1761 1761 $
-2366 1601 $
19046 5893 -14948 -17639 -3025 $
15046 10888 $
-16059 -7429 -11163 2746 429 -14460 -11293 $
523 -2484 $
18858 3033 -1095 -18128 10764 $
-484 -5769 19971 -14 -6491 17566 $
1358 465 $
22685 4892 $
-6101 10099 $
-2739 22153 $
19286 2621 -2621 -15121 $
5064 3805 $
2211 109 $
3181 -4965 $
12585 10006 $
16691 630 -23309 1561 -1561 -9668 -90 -1561 $
2738 -15843 $
-2190 25716 $
-481 4724 7522 $
11960 2518 -11747 $
-757 757 20954 -11522 -20154 8998 $
-21259 -19199 $
4467 -2484 769 -3122 -5005 22234 $
-13617 25653 -3734 $
9943 2310 -7654 -25849 2734 -2943 21745 $
10841 -2947 $
2675 -2384 $
-11553 13084 $
12785 -2773 -12536 655 $
9027 3779 11982 -18048 $
-3523 -3489 $
16681 -8166 901 $
-6341 12549 23838 $
-4650 -10343 -9625 3657 $
12935 134 201 -5372 -2107 -3561 20055 $
19730 -22570 22209 $
-6663 -12308 $
50 -3528 7136 640 -10621 -6902 -4071 7009 16348 -845 24604 -2879 15107 $
3096 -453 $
-17132 4640 $
-2383 570 9953 -2033 2789 6324 -187 -3713 $
-2644 12460 -1500 -7540 $
-1220 2184 970 $
3341 -11587 -3992 3992 179 150 $
-6845 835 761 -19525 $
-3233 -8896 $
245 -501 $
7375 7375 $
3977 -20447 $
1116 -1121 $
-90 822 $
7921 2114 $
3539 -12353 $
414 769 9935 $
15267 2987 $
13853 1795 -3280 13871 9599 6923 429 -5932 -2730 $
14910 -2511 $
1042 -9020 -192_repeat $
1093 12008 $
12242 -17429 1495 $
1137 4728 -4479 -9416 5020 -2824 $
-1952 -1213 $
-822 6683 $
-12600 8113 -18850 -2597 -12576 $
-344 -344 12043 2994 -8643 13583 -2595 -3863 $
21014 -8410 18105 -3899 -618 -2847 1998 -702 $
-7866 2680 2680 -5921 $
1024 -1503 $
-20354 2612 -5355 $
3817 -21058 -15734 4632 $
-1815 -1815 -1815 $
9908 -21952 $
2487 -2537 $
19073 -9327 $
-2522 -85 -6359 7424 -4044 16289 5043 3269 -1909 -14561 6991 14305 -2805 4393 -2396 11181 $
16821 -13744 $
-3357 -6058 -2154 $
-23518 1244 2812 $
774 -11049 3605 $
2709 -3600 -6777 -156 -156 $
-17760 -209 $
2813 23265 $
-1605 16822 923 923 923 6759 -649 -22083 -3091 $
-12003 6115 $
4542 9311 9018 9377 -2174 -10245 $
-5929 -11820 -6299 9523 3219 -678 4887 $
-23371 -2847 5479 $
-5538 9722 -9783 $
53 4332 -8943 4310 2182 2182 -9779 $
2310 7219 10677 -4987 $
-18409 -3574 6476 $
1387 -5172 5969 18296 $
-4268 -15794 6620 19147 $
13685 16005 -2426 -2699 476 -2114 4049 $
-2738 -47 -1885 -19846 25958 $
-15440 -1123 -1123 $
2634 133 4387 5144 10348 $
-5407 17738 $
8406 -8305 $
13291 -25622 $
-3285 11792 $
-3302 -7439 $
5016 1019 3301 -10617 $
-18756 3407 -1478 1483 -1483 -2622 $
-1799 -2987 $
-11949 -2079 10824 $
2910 -13622 $
4198 1141 7388 -7399 $
142 -568 1539 -15186 -4158 -4865 $
1102 1102 7672 3542 $
4994 18 1847 -1360 6394 $
3913 6285 -9899 6285 -6185 -6285 $
17967 11847 10291 -1343 10798 -4470 $
5653 -523 $
10036 20864 18696 4497 $
25862 87_repeat $
5740 47 19339 4939 $
-10460 -47 2139 -18051 8837 $
21386 -107 107 $
-18660 -20748 $
2405 -8153 $
-5138 -3207 -22341 -1096 -20227 -1096 $
-2068 -2788 $
-3802 -1834 -2075 2142 13788 $
983 6046 $
462 -462 $
-13938 4441 $
7966 7816 $
-10834 -3127 -23444 $
10437 -11057 -5527 -202 $
1024 -12852 15746 $
1455 -9082 2589 $
-17300 -2847 $
8576 -19238 -727 $
-448 -1352 $
-718 26179 $
22169 -11060 4561 $
5216 -1129 -17544 -2233 $
-3179 1585 $
17444 15057 -5020 $
-9808 -3362 $
8178 -14237 6731 1426 -4367 15432 -33 -25282 3968 13044 8030 1207 $
-2379 -1137 5413 $
-1875 14885 -8773 $
-3699 -5708 $
255 -247 $
4030 9400 -9758 $
-17710 7423 $
-7165 24889 4123 $
8219 -9940 1384 4185 -5706 -3970 21626 2519 $
532 -4103 5347 $
889 1550 7616 -4034 -4090 9461 $
17333 11675 -3071 8188 -6818 -13350 $
-10903 -10903 $
-25550 -14658 4379 -5906 -812 $
-19301 822 -17319 -12628 5480 25018 -24660 -9856 $
12232 -11335 -12421 $
-14251 -14251 4202 $
-14431 -19391 -13974 -3683 -7064 $
2987 8212 $
5802 2137 $
-181 704 $
1075 7745 -24799 $
2601 18317 $
1753 -1274 $
501 575 1508 -3252 -199 $
12135 2783 316 -9106 10542 2373 $
2816 -1909 15715 2522 -6464 -11283 5915 14926 $
6660 3194 3735 23155 $
11518 25605 $
1182 -5953 $
-22127 20867 -1079 $
14444 -3314 $
-2187 3419 -8247 -1237 -1808 -568 -11289 -4087 -980 6239 $
-12913 12095 -13326 -22051 $
-1815 -20500 -1815 2781 -810 16465 -10679 5445 $
-8317 -8317 $
3011 939 $
4169 -9680 -12334 $
7735 -8549 -17130 9574 4591 19085 9574 1521 -11354 7959 -2257 3444 3444 -3444 -587 $
11469 1422 -23239 $
-3624 -12171 -5033 $
1335 -11673 -12932 $
568 -2576 -11206 5377 -10299 -5123 $
4285 -2363 3508 $
3824 -14932 $
2402 -2402 1867 $
9556 1075 -24155 -12408 $
25983 694 $
-4408 7545 $
11270 -7754 13842 $
9875 -334 $
9407 -2444 $
6103 -1643 19312 $
-21016 1934 $
542 -16528 542 7996 $
-2255 24845 $
3977 -1767 -1767 $
-869 3219 -3701 -3337 $
6090 -2882 12380 -2519 $
-23714 -14484 10362 $
13582 1952 1952 -2847 $
13877 -1933 $
942 11268 7712 -69 $
2361 -11899 $
-1193 -23330 -19006 -23813 $
4216 8062 -8673 $
-17463 -1049 $
-1395 -7411 -5485 $
3132 -3721 -17105 $
4772 584 889 484 -3909 15311 14603 $
1933 -2118 $
-1219 -5958 $
7624 -291 $
7030 -26088 -14361 -3144 $
-8467 16977 -4114 1300 $
-19169 -2989 $
4842 16261 2486 -1667 4388 116 $
5719 15094 -2704 -1640 9240 $
4920 -6905 $
22453 24387 114 -17083 15965 -1096 -1146 $
12636 -13017 $
-9762 24866 $
17737 26052 $
6205 -24540 20990 $
2732 -18789 -16707 $
525 -3146 $
-698 8262 $
-767 -2016 $
13837 5395 $
-16127 749 $
16914 5589 15489 $
-8357 -4183 -591 $
751 -4315 6246 17751 -9800 $
11515 2141 -11334 $
7004 -17147 -1667 10562 $
2813 -2125 -628 $
-6209 -6668 $
5964 -9511 17232 -12 $
7576 -2732 $
-17731 -11969 $
-19719 1137 -15187 $
20552 579 579 5066 579 5066 5392 3669 25050 $
-3977 3097 3977 3977 -3977 -3940 $
1478 -7385 20536 $
-17961 -23864 $
-11854 -19710 -2597 -15620 465 5266 5266 18911 -5490 $
-19511 -3868 $
2396 -671 -2307 $
17155 -7633 -2298 -2146 $
2130 4435 $
1024 5550 $
25335 5032 $
-322 23697 16322 $
12202 16571 23335 18433 21586 6979 9892 -8313 $
9723 -17481 $
-16798 5886 $
-5041 575 1635 -5828 10265 -12487 -17434 21691 $
-10676 16590 $
-7178 5054 -3174 $
1785 13522 $
-6937 17679 $
255 -6592 $
12618 2321 $
2198 -15228 $
18525 -888 $
2457 -22512 $
3049 -8111 $
-5613 3959 7388 -20196 10930 -4761 -12510 -1054 $
11675 -575 -1019 4681 $
-5778 16461 $
-3960 4819 $
1436 156 $
3974 -154 $
1409 1409 -3363 $
-10236 -160 10158 -8293 $
-2507 -17740 -92 $
103 -7192 $
15623 1833 -5409 $
-4311 14621 $
718 718 -1792 $
760 25696 -149 $
-10964 -1970 21189 $
-24304 -2257 $
-25487 -703 $
540 -2914 -23613 $
7803 -15687 -7600 $
11625 5015 1289 $
-7058 5746 507 $
-1993 -12976 12966 -7927 -434 $
25263 12394 -4953 -23226 $
2135 16823 785 -819 $
-10709 7488 $
20295 2828 918 $
-1753 -10294 $
-1124 -2054 18133 $
-6380 1846 -3394 -17108 -1371 -513 -68 $
-2344 2348 -3399 -8032 -8032 $
2042 483 20723 $
859 -13674 $
3796 831 831 -14741 831 3984 $
-3241 -597 $
-3511 10785 -15037 3106 $
-16133 -4346 $
6011 1394 -18166 $
-8270 24343 $
12634 -191 $
2049 1733 -10315 3878 14795 $
3010 -2118 $
13013 -1_repeat $
-2954 -16888 $
11770 -1358 -6 $
9606 11038 -24322 $
626 21933 245 $
-1073 1461 $
103 15937 4254 $
11559 -5837 1481 -5043 $
2524 2524 $
-23745 23246 5788 $
7050 19331 -19945 340 -8751 2935 -2270 $
-2352 -25618 $
8122 -9878 $
1410 -7430 $
3663 10050 $
15438 -18059 -1_repeat $
9860 -4417 $
737 -12278 $
-1897 7295 $
1667 -7225 $
925 1058 8548 1432 -11141 4283 $
3654 2797 9904 $
-24622 23289 -3660 $
26 -17362 -7685 -20754 -7640 -7431 -7640 -23867 4211 -3002 $
4679 3581 $
-19909 2162 -25339 1800 $
17985 2137 -18916 17811 2137 -9705 -726 -7565 2912 $
-4727 4727 123 -18528 -4869 -6458 -13713 -1711 -20144 $
6146 14146 3519 -1203 -14815 14119 -1221 $
-1153 214 20737 $
-4285 15376 -1270 -567 -11812 $
1815 -1_repeat $
-1_repeat -18495 $
18368 -314 -11673 278 $
3297 -2254 -13591 $
-4564 -2484 7481 -4379 -25462 -5455 632 -5851 $
13866 -344 -93 $
-1123 -1123 -1123 -1123 $
-493 -8582 $
8987 7734 3292 -1252 -17020 $
8309 -1972 7903 $
-411 -6474 -7420 $
2399 1225 3097 -945 $
2556 -652 863 -15465 $
5296 -103 $
3433 396 -7466 $
922 -1900 16550 -7936 -2567 $
2561 18827 $
-2470 25409 $
-4911 2615 -4436 -2615 $
2906 -1765 $
-12305 -15017 $
2464 -6811 $
670 13517 $
3121 -3218 $
6873 5640 $
5116 -10291 -11191 -19137 $
-785 -23173 -2642 $
1217 -12925 -775 10443 2395 -14347 $
-644 -7817 $
-14849 17008 8053 3495 -4328 -12111 -12473 -16123 $
20809 -4549 $
-555 23643 9914 -555 1997 -2571 $
-12306 -6790 $
15220 -2438 -2616 -1702 $
548 1922 1841 $
1548 5330 9026 -21870 4318 -2211 8542 4544 -1360 $
-1360 -3285 $
3450 -3212 $
18186 -8969 -22923 $
-9714 66 8107 $
-15383 2242 $
15569 826 6939 -1562 $
-7032 4918 -4624 -4624 -4624 $
10291 -328 $
738 -5026 -6039 -5909 449 -1849 90 -18620 8877 2236 -7119 $
555 -12253 $
-2126 -16242 $
-7063 20231 $
1776 -14535 $
14158 -5919 -14677 -3889 $
1254 14949 12081 $
15892 2724 $
5499 -6193 19701 -4935 $
23135 16 $
11102 -71 $
-14877 21985 4892 $
2775 -22297 13140 $
10459 -2384 $
-72 -1814 1687 383 -4975 -8229 -8229 10461 1515 -3502 $
-7434 -2348 -3875 $
4536 -8874 1017 -1903 -17040 -3319 $
-18428 446 -8546 18448 9177 18448 -8345 6988 -15674 2588 234 $
1098 1098 6695 5999 -575 $
13697 3000 $
148 3307 -7297 $
6252 9491 $
3909 -3010 11533 -20138 10143 -10715 $
13859 6661 -13513 $
-395 -7711 $
106 -8752 $
13190 -66 $
7290 -4094 $
15986 -25062 -803 $
20920 -450 14632 $
1436 -12163 $
-3817 4434 15378 $
3004 -19964 $
24609 -872 -22314 -24316 $
-8084 462 706 $
2293 -19578 3302 $
-1386 22732 11850 $
-11595 2325 $
-25027 -1815 -22871 $
9211 -1531 $
-6972 13532 $
556 -5116 13000 5593 $
23130 -68 1167 2028 $
5622 -6257 -1748 -6671 $
-1704 -4038 -4679 -5610 -1058 10777 $
11538 -157 $
-958 -4324 -6156 $
-21462 16788 -14748 12446 10580 -11603 -4564 11399 -2556 $
-16110 -13813 $
756 -6264 8998 $
177 25385 1363 -6128 -177 $
-5358 -14734 $
3121 -10725 -8106 $
-14141 8710 4764 -1914 8710 $
69 459 -459 -9161 -21089 -8594 16662 $
688 7246 3110 -248 $
-21182 -3469 $
2352 -8734 -9546 13586 $
-4754 467 -3719 $
11675 4625 1507 -9762 $
-22264 -87_repeat $
9060 -1406 $
1606 15607 6114 $
-84 -21166 2424 -42 -6815 -4514 $
17042 -2399 22767 -7514 -21068 1077 $
8386 -829 $
425 -1604 $
-24832 3695 983 3465 13368 -722 4814 -1495 $
235 -702 $
21118 2118 -10253 -1933 -19070 9941 $
15840 -5158 $
1418 -2898 $
-2278 23462 $
13553 -12518 $
527 -4631 3994 -4654 -24142 2733 $
3116 -476 $
-3424 22 $
498 -13847 -2788 $
-212 -1450 5073 $
19805 -1668 $
4044 18931 $
10450 6380 -8024 -127 $
5979 5979 $
3852 8867 $
-7600 -1875 14568 -8090 $
3298 3050 -2180 5903 -8 5655 -10630 -107 -12195 -107 $
-14523 2462 $
9282 -14861 3201 $
21005 2304 -3587 16155 $
-945 -18120 1282 12574 $
-21040 -19963 $
4793 822 -7405 $
139 -3094 -13593 7740 -15149 6564 -6947 -18590 12031 $
26138 807 8868 $
-3444 3444 -13324 5600 -12173 22882 -980 14453 -25560 813 25987 $
25033 3881 -1436 $
19090 -19007 24 $
-14772 7664 $
-10155 -10648 -2752 $
15698 -2982 -2159 $
-1782 -1560 -983 $
-15811 3824 20467 20396 -3002 -13408 -23705 -16094 $
-1498 90 -9257 -19259 10028 2223 $
-17629 -14894 9912 26092 1939 -2595 5541 $
-1615 5884 $
5808 -3326 $
-3131 -157 -4794 -7599 157 25428 $
13587 16323 -199 -4846 -1542 -96 -96 14336 $
1531 -3639 $
18557 -8194 $
826 -826 $
2233 -19170 $
15928 -8418 1419 1951 $
17157 248 $
501 -16144 $
4479 -7062 $
9635 -22044 -2725 -23551 15597 15541 $
-1993 10867 -7362 $
-5217 -9773 11758 1403 -423 -4622 $
-645 -650 -645 -645 $
24955 -14922 3948 $
-15639 1386 $
2457 21281 $
-44 18463 10981 24105 -513 4496 -14688 -2484 22886 $
7448 18942 $
189 -189 -189 $
-5979 -5178 1379 11361 $
5745 -1183 -14805 $
-6401 6922 $
12352 7439 573 $
-1776 -13537 $
490 -7520 $
26073 -5656 $
-17210 -2046 $
-4783 -23759 $
3219 -3701 $
-5327 1079 -9195 $
10866 8148 $
10595 10595 6438 -1943 $
-21331 11167 $
1505 796 $
6108 -2620 -9594 $
-15150 -6964 $
-12985 3563 13701 -3547 -2987 1782 $
-9526 -22688 -17973 -13477 9385 2662 -7521 2662 -11738 $
-24087 -23167 -2504 $
279 2607 $
-12862 87_repeat $
-13688 87_repeat $
10109 1433 -8399 $
-18921 -10164 -7400 -16646 -25454 -9819 -20784 -9478 -126 -126 -126 23068 -17759 -126 -126 -13700 $
3518 -1055 $
-2436 11556 $
6164 -1161 $
6053 20947 -10669 -22667 $
6847 -861 1448 -861 1871 2590 $
11211 -2783 $
21792 -3072 4873 $
3555 5817 $
-19915 18275 $
4337 -8457 $
-2215 -4149 -1376 -24392 -19874 -24237 21940 1075 $
85 15493 -5671 $
9247 1635 1458 3030 $
6939 -4253 $
13918 1760 1760 $
-18944 -1569 -2967 11442 2053 $
-21080 3098 7104 7437 -14124 -15068 $
172 7243 $
909 -2942 10960 -5913 6738 -17972 $
-918 9372 918 918 918 -1302 5781 -2928 $
3643 414 $
29 -12294 $
140 -479 10525 $
5249 618 776 12892 5437 -4116 -2761 -19742 5037 -3040 $
-4739 -5502 3502 $
-8610 -2196 $
-6415 130 719 $
-42 714 $
767 -7792 11628 $
881 -3838 -25026 $
4647 -2515 $
-3772 626 $
-22930 9378 -14383 $
112 -1113 17397 $
4960 -17381 1681 $
-20268 -25445 -924 $
8873 23630 -2739 $
112 -22501 $
20017 -1409 $
6706 1476 $
467 -9845 -6960 $
4247 -21159 14312 $
3268 2843 2365 $
-25935 -16586 $
2238 -2441 2481 5099 -3508 $
25608 -17320 $
-1885 775 -23463 $
11488 -68 $
23577 7012 10910 $
1171 11509 3011 -835 -1450 -6389 2107 5892 -1841 -11455 $
5181 -2257 -15095 $
-21963 -9616 $
22972 726 -10992 $
1003 13989 $
2144 -4194 $
9998 2328 $
-2058 1368 5430 -4228 -1781 7037 7507 $
19820 -681 $
-2189 12302 -5838 $
2236 -15000 $
7135 -1691 3359 -15908 -2455 22889 $
-2118 -4514 $
3311 234 $
-1662 8167 $
4078 -5339 6766 19581 1250 -12183 1213 $
-12077 843 -14359 435 12995 $
8704 -4941 2396 2188 -2107 -5955 $
-9697 -14718 3610 -3970 -1057 -1057 $
2043 -2613 $
-14276 7744 $
3815 -18040 $
-4039 3019 -437 -3137 $
881 4376 -8206 6805 $
405 20235 -1484 -34 9366 640 $
13218 9184 $
-24152 9331 18792 $
-668 2667 -473 $
2998 -15830 $
3881 2746 58 19711 6908 $
6017 6253 -21667 -2991 14564 -8545 -102 $
19479 2601 $
-9049 -2594 $
8079 4653 $
5319 -1056 -20402 3624 -1658 -13466 -1658 -7485 $
-9342 -13064 7879 4514 -413 15561 $
-3422 -1855 13232 14098 $
6722 5303 $
-3558 -7120 $
-3381 12465 9196 3600 1817 598 $
4129 9980 23524 -21518 1658 -3624 $
1367 1015 -10991 9880 2187 $
1920 22590 -1861 $
25834 1551 -1934 412 $
-17207 9734 -7659 3932 $
2400 -1817 -21375 13099 $
2289 -16019 3042 7881 14023 13907 -17261 -13135 2396 -2396 12648 16471 1791 $
-1570 -4895 25582 16106 23128 1592 1592 $
3620 675 11370 $
16552 6504 -7842 8928 -3551 1419 $
6936 -209 -2265 $
-3168 1024 $
-1611 -1497 -361 $
4195 -2269 $
14395 14395 -5577 $
2863 -17649 -6884 738 -1668 10810 -3951 $
2710 -23138 10741 $
3899 -10873 -3899 $
5593 -4173 1422 -287 -5872 -1542 -2026 4147 -216 $
3624 -5790 1723 $
-5711 -450 $
12944 15577 -16532 17219 6384 653 1342 14 10380 -1407 $
10827 1813 $
496 -1345 -7561 $
6277 5302 -10240 $
4999 -1379 -14259 $
605 1305 $
-183 59 -4370 $
-2936 4372 $
-11902 -9097 -47 -4684 2990 13628 -7478 9303 -2439 -1386 $
4249 -250 3960 -3960 -8755 $
-3495 1567 $
11122 -984 $
-2674 2742 -20996 -12137 -2742 2742 $
-2404 344 $
17258 -84 -8458 -2046 -16364 -13866 $
-357 -8410 $
-7284 6978 6978 -9229 -5426 284 -1255 14527 -13953 $
5216 -5166 14629 -4741 $
3909 -893 2358 -2623 -1284 496 -2113 5860 2634 2815 2461 $
-7313 5526 7396 574 $
778 -5076 $
10232 13675 $
-10076 14157 3620 $
-7168 1338 14204 16880 -12952 13769 $
-448 -448 15122 2290 $
20860 -9101 $
12672 14038 -16411 $
-8395 5350 $
3205 9488 -14689 $
4377 -4377 12056 $
11846 2439 -5710 15806 -112 $
983 -6241 12724 -5497 -23294 139 -1878 $
5348 -2185 $
-4097 4379 $
4198 -9585 20338 -9409 $
-2615 16935 12924 19716 $
-24216 4794 $
25205 9568 $
138 -12097 -90 3209 -21292 -10692 -26155 -21285 $
-1063 1292 -9089 435 -6341 $
15105 -5662 1489 $
-1086 3823 9833 $
-1026 -2017 $
25174 7263 $
-3621 -14417 12272 -2104 $
6632 -23429 11908 $
-1681 -4750 11897 3060 7390 $
3171 -21515 -7951 16004 -19293 $
9577 25572 -8680 7972 14733 $
5303 9572 -8978 $
-821 -587 $
10677 -2642 $
-12905 -1039 $
4602 38 $
3428 9328 -121 $
22645 15962 $
9024 16194 $
-1023 567 -4063 2928 -17115 843 7116 $
12413 -464 22692 -68 5606 22562 -3993 -23267 -4415 $
3261 457 -1985 5308 $
3127 -3979 1542 $
2727 914 $
4661 10482 -574 -3969 499 $
313 6912 $
21071 20814 -1561 -6004 $
1941 -6380 -954 $
-17753 9168 $
3386 -4189 $
25 15985 5922 $
-7553 8596 3187 17555 -8132 $
6261 -20283 -835 14502 -12051 -14623 -2895 $
2689 -2487 2487 2487 -22802 -5877 $
1511 373 $
4730 -5527 $
18635 5201 $
1508 13083 5880 $
3093 140 $
4967 576 $
-12942 -13492 11957 -9691 -11494 -2232 $
5962 3460 18699 -2188 $
690 2578 3526 -2418 11232 -9203 $
-14082 -5855 2297 485 $
3974 -22724 $
-3930 -1517 -25325 13070 $
1422 2700 $
-2135 15050 10896 $
11933 -2604 $
-394 5232 $
637 1547 8262 185 $
199 467 $
23264 12515 -21051 -3932 $
-4070 -5838 $
-1616 -8636 $
6246 1679 -22431 -4260 8832 20215 8711 662 -15722 8166 1214 16965 -1214 $
-13861 8169 $
-807 -7410 25890 $
-7621 -93 $
16744 876 $
520 -2797 $
-12552 11044 -69 -1793 $
8941 -2626 3043 -263 4916 1749 -2545 $
-2251 1096 $
2188 -2867 3117 $
-5277 -946 $
-4934 -366 $
12715 9492 -9951 2240 -19463 $
-22782 1577 3938 -3221 $
-1451 21463 $
2147 787 $
18404 -606 $
225 -2010 8663 -2422 $
-25075 -2590 $
24023 22285 $
14190 -25432 $
-1759 11193 $
20825 -11447 1619 -3232 $
1640 -1_repeat $
-1_repeat -1640 $
-19956 -24819 $
1668 -969 $
3307 -5638 -5056 -6903 $
3151 1036 2167 $
-25594 -23816 -1003 $
-270 2180 -4886 $
10335 24493 -1083 -756 -1379 -20901 -1892 $
525 -14653 104 -2042 9289 $
-6675 23900 $
16625 6775 -13757 $
9443 -2486 $
1487 -19036 $
1776 -12482 -7006 $
8723 -2681 $
22954 2686 16138 -12256 676 -18754 8267 -6519 $
-4516 -8066 $
8873 8873 $
19284 7021 -1709 $
4898 -6047 9560 -6646 $
66 -428 $
172 71 $
-6677 -1497 -479 $
-3274 -20508 12965 -4661 $
-874 -874 -874 -874 -3961 -607 2550 -480 3054 -2144 $
-1075 11342 20349 11001 1540 1540 -2695 $
-2597 1673 1549 $
5030 -1106 -24336 -1106 -20457 $
-4829 13302 5408 $
-24254 -18221 $
-18212 -15408 1588 -2870 7707 -6523 -2976 $
-19981 235 $
2147 -2041 13996 $
602 -4909 9072 -18801 -2869 $
4816 1424 $
404 -17250 $
308 21774 $
379 -5790 $
14513 -13695 -1310 $
1885 15682 47 3717 47 $
-8206 -695 1533 11171 $
14099 4832 $
5228 -2058 10844 19268 $
-1160 25040 -14947 2197 $
-253 -4178 $
-6832 -9357 -5215 -2197 $
22278 17238 $
23842 -18869 10965 -11560 -1321 $
-5707 -1573 -1573 -3326 1079 20463 $
10180 -8897 -18002 -20654 -10005 -2623 $
-18050 2316 234 $
-15405 -13915 -4431 $
14584 -344 $
-10089 -9757 $
8598 -2637 6242 $
1861 3380 $
2158 -2819 $
1698 -2229 13988 -3898 $
4143 -240 $
255 -21214 -8136 7229 -232 -21834 $
1336 6142 $
14984 23810 -1307 2856 2507 -14064 -451 17272 -19196 -5778 $
1939 2956 587 465 9536 -23326 $
22266 25446 $
-6137 20137 $
25723 22503 $
1033 14726 $
3184 -5516 $
1569 -10695 1729 -2745 $
3889 6107 $
1723 2773 11 $
-1099 509 2068 $
2130 2865 4060 890 $
-11780 19374 $
-2902 975 $
6571 -3667 $
6247 4829 $
567 7290 -4691 $
-22521 1933 19736 $
2789 393 -2778 1904 -503 7557 200 -26039 -5949 9791 -1358 958 15501 2000 -9142 630 6194 $
1766 -542 $
7910 -2844 111 -501 $
11138 7416 $
-9445 -3390 $
-1234 -13391 -24555 $
2046 372 847 3569 -1126 $
-15946 4995 -7423 $
605 14972 $
4601 -1547 -25298 -10860 $
-9373 -3960 $
18550 -103 $
-13819 2904 20813 17683 10096 $
-23363 -1101 $
6445 7065 $
-1815 2781 $
8814 8814 -4538 $
5317 -2796 $
-8081 25302 $
-5922 -3185 130 $
1559 -436 -19524 11616 $
16 405 $
-23631 -4314 23780 -14179 -7391 16468 $
1769 -577 $
1404 -3914 -8647 -4994 13470 -13922 $
-7729 -2739 5427 -596 $
2275 -2040 -5723 -16135 6466 $
22326 -13797 5051 $
18840 2550 $
3639 5994 -479 $
-2207 2683 $
14289 1040 $
12977 -5363 13890 $
-163 19816 $
-7273 12351 -2000 -25160 -15360 $
-5776 -3215 -3286 $
11144 12887 1792 -11353 $
9464 -2275 $
-11407 8564 -7737 $
616 616 $
5005 -13386 9150 $
1002 -5620 -5620 -6100 $
2263 -435 $
-20109 66 $
-3287 -20932 -20042 $
23320 10273 $
4115 -906 -6561 $
23170 -17120 $
13179 6745 $
1175 -16572 11448 $
-10497 -3496 $
-7465 -18056 -2402 $
318 -3917 4119 $
-3064 6098 -3064 13019 $
-10567 -20930 $
3419 -3396 $
-3594 20353 2484 -232 12941 $
-2860 7373 -10586 $
15819 5049 $
2467 -10589 $
16725 19407 9189 $
24625 4809 3966 -2928 $
-1475 -17298 $
2595 9587 $
-18753 -8061 -10565 $
102 18250 $
6344 484 -677 2859 3676 $
-523 14076 -18886 7343 $
-3095 -22869 2809 -10020 $
-11375 1967 8409 $
-18210 -1357 $
-4605 1544 -103 -16519 -2796 -6275 $
-1336 121 14170 $
-616 -23459 $
1815 2670 5013 $
-12106 -24576 $
-744 6531 -4600 -7217 $
-9040 1273 -4055 16547 -16708 -77 -1374 6665 -6030 92 -3838 -2498 -3026 -2450 $
12448 19613 470 $
181 8195 $
3114 -9476 -22522 -13478 -3102 $
5935 648 $
9685 -1697 $
4217 -20142 $
-15375 -5119 218 $
-18143 12770 $
-18758 -13261 $
2147 -3373 -3508 407 -19620 $
2804 -719 -14796 2454 $
-5613 -5613 10408 $
-480 8331 3815 $
1885 -87_repeat $
-87_repeat 47 $
-19406 8848 9263 694 10947 8316 -3939 -3330 $
-3279 7919 5156 -2189 $
2674 550 $
-5846 16666 $
4923 -5987 1775 -965 $
4488 -11478 $
-3154 25211 $
-881 -3633 $
11140 -10261 10708 -6141 $
-826 -16545 $
4145 1531 -4602 9661 $
-2178 3561 -25464 $
2604 -15920 3408 $
-22076 405 1022 -3108 $
-11269 -13488 $
2028 87_repeat $
87_repeat -106 -4012 $
17372 -26005 -5860 $
-3843 -2719 $
13403 -17336 1681 $
-2566 -1640 -3838 $
9738 -4974 -822 -6180 $
-1252 -5164 $
9416 24672 -15138 -413 -1975 -3271 $
5557 19452 $
-9261 22300 $
-6641 -13395 -20186 3709 $
-1821 2610 -35 $
12907 65 11576 11576 $
4645 -7514 $
6179 -6753 -10458 -5745 9408 $
1791 1225 6621 $
681 -1940 $
996 -8839 $
-587 -11382 $
18725 -858 $
5111 3991 -1041 $
441 404 -23479 $
12072 -20730 $
-2675 -19087 $
13416 703 $
5988 5489 $
11248 -2343 -10126 -462 -462 -6330 $
7194 1775 $
4864 -5812 $
6412 -13569 -742 $
-1946 -23811 $
2167 -15172 23342 6722 -8978 $
760 149 $
320 -17454 $
-4467 -4601 $
7121 -15073 7937 $
-4004 13553 -9374 2010 $
3305 -5216 $
88 2107 $
4477 -9487 11210 9561 6507 $
269 5238 $
10949 1296 -3896 -1846 -13253 527 -10090 5771 -6064 $
-17766 24949 935 935 18989 -448 22337 $
358 -1816 $
1068 -9461 -20322 $
-2457 -12798 -3762 12448 -1861 2209 -10838 -5488 $
-204 -15099 $
-4969 6593 $
-14331 11794 -8936 13348 $
11095 14797 -6897 $
-8817 -13213 4637 $
-4086 1486 -2528 17918 -18060 1055 2642 -3508 8834 $
4971 -12488 3079 $
-3322 1867 11975 -18236 1899 $
4638 1628 3536 $
29 -23794 -21482 $
-1033 11871 -8851 $
-1593 -9218 $
-20816 172 $
7559 -4362 2211 $
-1022 7609 -412 12188 $
708 -295 $
-2615 14404 -1936 $
1595 -465 $
-413 5501 18804 -4320 $
-4410 11304 -14976 $
9456 16971 4733 $
-1557 8029 4839 5005 -9028 $
9220 882 -2353 21778 8937 $
-3917 1141 $
-380 825 -1015 $
416 5912 -3492 $
-15461 103 10092 -2614 14743 $
6500 39 -90 $
6283 2656 $
-13494 1075 14361 $
-11733 14845 25629 $
775 17036 5726 25359 8953 $
3327 -3581 -1465 4439 7372 -14282 $
1305 -12059 -4203 $
-13055 4884 -2808 $
3286 -5532 $
-10591 -6504 $
-18159 5415 3097 -3734 20895 24169 -19261 -7841 $
6450 3710 $
1759 -7951 $
-18244 -17045 5532 -1597 4493 -24636 $
921 -6795 $
-20752 2878 -26037 14928 527 13836 $
-1356 14500 $
21440 -7209 $
6208 -23470 -3583 2848 $
2522 25840 -2117 $
3669 17054 11924 -3348 13238 $
7207 7680 $
7021 5890 -9684 -1295 $
3010 9546 $
-212 13527 -2190 $
1745 18845 $
2228 4412 $
5129 12759 16221 $
2131 -9551 $
-19245 -10113 $
9579 -21905 -7587 -2358 $
473 -2744 $
881 5029 6272 -7433 16629 -2752 $
8848 18361 1241 -13704 $
201 -4948 $
3121 -7134 $
9239 10212 -316 $
2228 -25510 -1207 $
-586 -11607 -25526 10811 -2167 $
-2151 21484 -1998 -8871 $
-2201 -14966 $
435 5020 $
-6970 5300 -7614 3686 5276 $
-3722 -23549 -22434 -12983 $
-2939 -20992 9965 $
-3253 -2303 $
1974 2514 11568 $
10474 -9504 -3669 1085 -21603 $
4941 -7747 -18661 $
-3326 -364 6340 $
3147 -17306 -22621 -234 8052 1852 $
-440 -440 11141 23591 -26105 -1767 $
11848 -749 15966 22219 -431 -462 14494 $
19899 13493 5123 12797 8269 2484 $
22131 1344 $
-1960 -1953 -1754 -2775 $
17594 -14015 $
