M
4551.0 4554.1 4557.3 4559.9 4563.8 4566.3 4569.2 4572.4 4575.4 4578.7 4580.5 4582.4 4585.1 4587.9 4591.4 4593.5 4596.6 4600.0 4602.9 4606.5 4609.1 4611.3 4613.8 4616.7 4619.9 
R
4551.0 4554.0 4557.8 4561.6 4565.4 4569.8 4574.6 4578.0 4584.1 4588.1 4593.4 4598.0 4603.3 4607.5 4612.7 4618.9 4624.3 4628.9 4634.1 4638.2 4643.8 4649.2 4653.8 4657.5 4660.8 
D
4551.0 4555.8 4560.0 4565.1 4569.8 4575.2 4580.2 4585.7 4592.5 4598.5 4602.9 4605.9 4611.4 4617.4 4624.1 4629.9 4635.6 4642.4 4650.3 4656.8 4663.3 4669.7 4676.8 4683.7 4689.4 
Q
4551.0 4554.8 4559.7 4564.9 4570.3 4575.6 4582.0 4587.4 4593.1 4599.2 4604.6 4610.6 4616.6 4622.6 4629.2 4634.3 4641.4 4647.4 4653.2 4658.4 4665.0 4671.2 4677.3 4684.1 4691.6 
H
4551.0 4555.9 4560.8 4565.5 4570.8 4577.5 4583.5 4587.8 4595.2 4601.0 4606.4 4611.6 4618.3 4624.4 4629.6 4635.5 4640.8 4647.6 4654.4 4659.8 4664.8 4670.3 4675.4 4681.4 4687.8 
C
4551.0 4554.8 4559.5 4563.0 4568.4 4574.2 4579.0 4583.2 4587.4 4593.6 4598.4 4603.0 4607.8 4612.8 4617.9 4622.1 4626.6 4631.1 4636.0 4640.8 4646.7 4651.9 4656.3 4659.9 4664.4 
