MR
4551.0 4556.9 4563.1 4570.3 4578.2 4586.0 4595.6 4603.5 4610.9 4618.0 4624.9 4632.5 4641.3 4651.0 4658.3 4666.4 4676.9 4685.3 4694.9 4705.6 4715.3 4726.0 4735.1 4744.9 4754.9 
MD
4551.0 4556.8 4563.5 4571.0 4578.1 4586.1 4592.7 4600.9 4609.2 4617.2 4623.2 4632.2 4641.4 4649.2 4659.0 4668.9 4678.4 4688.2 4697.8 4706.0 4716.2 4727.0 4736.6 4744.8 4753.8 
MQ
4551.0 4557.6 4564.5 4571.1 4578.7 4585.7 4593.0 4601.5 4609.6 4620.2 4630.1 4640.4 4650.3 4660.1 4670.1 4678.8 4688.8 4697.2 4707.2 4717.9 4726.3 4736.6 4748.3 4757.9 4767.4 
MH
4551.0 4558.2 4566.3 4573.3 4582.1 4590.7 4599.6 4607.6 4615.6 4624.5 4632.6 4642.1 4652.8 4662.7 4672.1 4680.2 4689.4 4698.5 4708.1 4716.8 4726.4 4734.7 4744.6 4753.4 4763.0 
MC
4551.0 4557.8 4567.1 4573.0 4580.6 4587.2 4594.3 4601.0 4609.1 4616.8 4624.2 4632.9 4641.6 4648.7 4656.0 4664.3 4670.7 4678.0 4685.5 4691.5 4699.5 4706.3 4713.2 4723.5 4731.1 
RD
4551.0 4558.8 4567.4 4574.8 4584.4 4593.5 4603.7 4612.2 4622.8 4633.5 4644.5 4654.6 4665.2 4676.9 4684.4 4694.2 4705.7 4715.2 4726.5 4737.3 4747.6 4756.6 4766.7 4777.4 4788.1 
RQ
4551.0 4558.6 4566.8 4575.8 4586.4 4595.1 4608.6 4619.0 4628.2 4637.6 4647.6 4657.5 4665.8 4677.2 4688.3 4699.2 4711.6 4723.1 4733.4 4745.8 4756.5 4770.2 4783.3 4795.5 4805.8 
RH
4551.0 4559.1 4567.1 4576.1 4584.9 4594.7 4605.1 4616.0 4626.3 4636.4 4647.2 4656.8 4666.4 4678.5 4688.7 4698.9 4708.9 4718.2 4728.8 4738.2 4749.5 4762.2 4772.6 4782.3 4794.1 
RC
4551.0 4557.9 4565.6 4574.0 4583.5 4592.3 4602.1 4610.7 4618.9 4628.0 4636.3 4646.5 4656.1 4663.7 4673.5 4683.3 4691.6 4701.3 4711.7 4721.1 4731.7 4741.2 4750.1 4758.8 4768.8 
DQ
4551.0 4560.3 4570.3 4581.2 4592.4 4604.6 4615.4 4627.3 4638.5 4648.4 4659.9 4670.2 4681.7 4692.4 4706.6 4719.0 4729.1 4741.6 4754.7 4767.4 4781.7 4796.7 4807.7 4822.2 4835.9 
DH
4551.0 4559.1 4568.8 4578.9 4587.3 4598.6 4609.7 4622.0 4630.9 4641.8 4652.1 4663.7 4676.0 4688.5 4700.7 4713.5 4725.4 4737.2 4749.7 4762.8 4776.1 4789.5 4802.2 4815.4 4830.7 
DC
4551.0 4559.7 4568.7 4578.7 4587.1 4596.7 4607.1 4616.4 4626.3 4635.7 4648.2 4658.6 4669.0 4678.1 4689.3 4700.4 4710.9 4721.9 4731.9 4742.6 4753.5 4765.9 4778.1 4787.4 4797.0 
QH
4551.0 4557.6 4569.4 4580.7 4593.9 4606.0 4617.2 4628.9 4641.8 4654.3 4666.8 4679.5 4693.0 4706.1 4719.5 4733.2 4747.0 4759.9 4774.1 4787.5 4800.7 4814.3 4827.2 4842.3 4857.4 
QC
4551.0 4560.1 4569.2 4579.5 4589.5 4600.4 4610.6 4622.3 4634.2 4645.3 4657.6 4667.4 4678.3 4688.2 4698.5 4709.8 4720.1 4730.9 4742.1 4754.0 4765.5 4776.4 4786.7 4798.5 4811.3 
HC
4551.0 4560.0 4569.6 4579.8 4592.0 4604.5 4614.9 4625.7 4638.3 4652.1 4664.2 4678.0 4691.4 4704.3 4718.5 4731.2 4744.5 4757.7 4771.2 4786.0 4802.3 4817.3 4833.2 4847.0 4863.3 
