MRD
4551.0 4561.7 4571.6 4582.5 4596.6 4607.9 4620.5 4632.9 4645.5 4657.6 4671.0 4685.7 4700.6 4715.6 4729.9 4746.8 4761.0 4776.2 4791.3 4807.3 4824.7 4842.7 4859.7 4876.7 4894.7 
MRQ
4551.0 4562.2 4575.1 4588.3 4602.6 4616.5 4630.5 4642.4 4657.5 4672.9 4686.0 4699.7 4714.4 4728.1 4744.4 4758.3 4774.2 4789.0 4806.7 4826.7 4845.3 4863.3 4880.3 4899.2 4915.5 
MRH
4551.0 4563.1 4577.1 4590.0 4603.8 4616.9 4628.9 4643.4 4657.8 4671.8 4687.2 4700.0 4715.1 4731.7 4744.7 4759.5 4776.2 4790.3 4806.2 4822.7 4839.7 4856.0 4871.2 4885.5 4901.7 
MRC
4551.0 4561.4 4573.5 4586.7 4598.6 4609.4 4620.8 4633.6 4646.0 4657.5 4672.2 4685.2 4697.7 4709.8 4723.7 4736.0 4749.8 4763.5 4778.6 4793.7 4807.9 4820.0 4833.2 4847.1 4862.2 
MDQ
4551.0 4562.8 4576.1 4587.2 4600.0 4612.9 4626.6 4640.1 4652.5 4665.9 4679.3 4693.9 4706.3 4721.1 4735.7 4749.4 4762.9 4778.3 4793.5 4809.5 4825.2 4841.3 4855.3 4869.1 4886.2 
MDH
4551.0 4564.1 4577.0 4590.7 4602.7 4615.8 4630.6 4646.6 4662.0 4676.5 4691.5 4705.1 4720.3 4734.8 4750.1 4765.0 4778.6 4794.5 4809.9 4826.8 4843.8 4858.6 4873.3 4890.4 4906.1 
MDC
4551.0 4561.4 4575.6 4589.0 4601.7 4616.2 4629.8 4643.1 4657.4 4670.0 4682.6 4697.4 4711.1 4725.2 4740.1 4753.5 4766.0 4780.2 4793.3 4806.7 4821.6 4836.9 4851.6 4864.1 4877.4 
MQH
4551.0 4561.8 4574.6 4587.3 4600.8 4612.6 4627.2 4642.7 4658.3 4672.7 4688.3 4705.2 4720.0 4735.1 4751.6 4766.5 4782.5 4797.6 4811.5 4829.7 4848.9 4865.2 4882.2 4898.5 4915.3 
MQC
4551.0 4561.8 4575.1 4587.3 4598.8 4610.0 4622.5 4634.9 4649.6 4662.3 4675.3 4688.8 4701.0 4717.0 4731.3 4745.9 4761.7 4776.4 4790.6 4804.5 4816.7 4831.2 4846.4 4861.0 4876.6 
MHC
4551.0 4562.1 4574.3 4587.0 4600.8 4614.8 4630.3 4648.4 4664.5 4679.5 4693.2 4708.4 4723.0 4740.0 4756.5 4773.6 4792.6 4810.0 4830.3 4848.2 4865.4 4882.1 4899.5 4919.8 4938.7 
RDQ
4551.0 4565.7 4580.6 4594.5 4609.1 4624.3 4640.1 4653.6 4669.2 4685.2 4702.3 4721.7 4737.8 4753.9 4771.2 4789.8 4806.7 4822.5 4839.2 4856.3 4874.3 4891.2 4908.0 4925.0 4944.2 
RDH
4551.0 4564.3 4577.1 4592.7 4608.1 4621.9 4636.7 4653.8 4668.3 4685.0 4699.5 4714.6 4731.1 4745.0 4762.7 4780.4 4801.8 4818.1 4832.2 4849.6 4866.2 4884.8 4901.6 4921.2 4935.6 
RDC
4551.0 4564.1 4577.3 4591.6 4606.9 4620.6 4635.8 4650.8 4663.8 4679.5 4696.2 4712.1 4727.9 4743.6 4758.9 4773.1 4789.3 4804.8 4821.9 4835.8 4849.6 4867.5 4882.5 4898.2 4913.6 
RQH
4551.0 4564.4 4580.8 4597.6 4613.1 4628.7 4643.4 4660.5 4679.1 4695.9 4711.5 4727.1 4741.4 4758.0 4775.8 4791.1 4810.9 4829.4 4848.4 4867.1 4885.2 4904.7 4920.8 4937.4 4955.4 
RQC
4551.0 4564.2 4577.4 4592.6 4607.6 4621.0 4635.8 4651.7 4666.1 4680.8 4697.2 4712.2 4725.7 4738.3 4753.7 4769.2 4785.2 4802.0 4818.2 4832.7 4850.3 4866.0 4881.0 4897.3 4912.2 
RHC
4551.0 4564.9 4580.8 4598.1 4615.0 4630.6 4647.5 4665.2 4682.5 4696.8 4716.9 4733.1 4752.7 4769.0 4787.4 4805.8 4823.1 4844.0 4862.7 4880.3 4899.0 4918.7 4937.5 4956.4 4976.4 
DQH
4551.0 4563.1 4577.9 4594.5 4612.4 4631.0 4649.4 4667.6 4685.6 4701.0 4718.2 4736.3 4754.6 4772.4 4789.9 4809.5 4828.6 4846.4 4865.3 4883.6 4902.9 4923.3 4942.3 4961.8 4982.1 
DQC
4551.0 4565.6 4581.4 4596.9 4612.4 4626.8 4641.5 4657.6 4674.6 4690.1 4707.6 4724.6 4740.6 4757.9 4777.3 4793.1 4810.4 4826.5 4843.3 4862.0 4879.1 4896.8 4914.9 4935.3 4952.7 
DHC
4551.0 4564.4 4579.6 4594.7 4611.0 4626.0 4643.0 4662.9 4680.9 4698.7 4717.1 4736.9 4755.3 4775.4 4794.4 4816.9 4835.3 4855.7 4876.8 4897.5 4918.3 4940.1 4963.3 4983.7 5007.6 
QHC
4551.0 4566.2 4583.2 4600.2 4616.7 4633.9 4652.0 4669.3 4687.3 4704.7 4722.7 4743.9 4763.0 4783.6 4801.7 4821.1 4842.2 4861.0 4881.2 4902.4 4926.3 4948.7 4971.6 4993.2 5015.3 
